 Mini_CREATE               SWAT+ Jan 11 2024        MODULAR Rev 2024.61.0                                 
       year     plant_no   plant_name       harv_area(ha)    yld(t)         yld(t/ha)      
        2004           1 frsd              0.0000000E+00  0.0000000E+00  0.0000000E+00
        2004           2 frse              0.0000000E+00  0.0000000E+00  0.0000000E+00
        2004           3 frst              0.0000000E+00  0.0000000E+00  0.0000000E+00
        2004           4 orcd               1.975940      5.0435465E-02  2.5524784E-02
        2004           5 rnge               16.58698      0.0000000E+00  0.0000000E+00
        2004           6 wetl              0.0000000E+00  0.0000000E+00  0.0000000E+00
        2004           7 oats               258.0351       878.4009       3.404191    
        2004           8 lupn               59.22221       59.03609      0.9968574    
        2004           9 fesc               104.4843       220.7477       2.112735    
        2004          10 barl               45.86216       160.9390       3.509190    
        2004          11 fpea               27.80220       101.3910       3.646868    
        2004          12 clvr               241.4805      0.0000000E+00  0.0000000E+00
        2004          13 pota               271.1597       1753.009       6.464858    
        2004          14 buck               33.53731       56.04296       1.671063    
        2004          15 wwht               44.79409       89.16553       1.990565    
        2004          16 canp               324.5222       1229.808       3.789597    
        2004          17 rye                153.3569       972.2527       6.339803    
        2004          18 trit               197.7336       1609.074       8.137582    
        2004          19 csil               11.82012       98.78224       8.357126    
        2004          20 lmix              0.0000000E+00  0.0000000E+00  0.0000000E+00
        2005           1 frsd              0.0000000E+00  0.0000000E+00  0.0000000E+00
        2005           2 frse              0.0000000E+00  0.0000000E+00  0.0000000E+00
        2005           3 frst              0.0000000E+00  0.0000000E+00  0.0000000E+00
        2005           4 orcd               1.975940      0.2319191      0.1173715    
        2005           5 rnge               16.58698      0.0000000E+00  0.0000000E+00
        2005           6 wetl              0.0000000E+00  0.0000000E+00  0.0000000E+00
        2005           7 oats               71.96988       201.3179       2.797251    
        2005           8 lupn               166.7163       193.2047       1.158883    
        2005           9 fesc               46.77908       50.17537       1.072603    
        2005          10 barl               36.47241       129.3663       3.546964    
        2005          11 fpea               85.49305       394.8747       4.618793    
        2005          12 clvr               53.74211      0.0000000E+00  0.0000000E+00
        2005          13 pota               256.7287       1341.273       5.224478    
        2005          14 buck               8.182180       8.647215       1.056835    
        2005          15 wwht               406.5341       526.5872       1.295309    
        2005          16 canp               59.04479       279.4676       4.733145    
        2005          17 rye                111.4482       454.3300       4.076602    
        2005          18 trit               215.2103       957.7802       4.450439    
        2005          19 csil               33.66334       275.9504       8.197357    
        2005          20 lmix              0.0000000E+00  0.0000000E+00  0.0000000E+00
        2006           1 frsd              0.0000000E+00  0.0000000E+00  0.0000000E+00
        2006           2 frse              0.0000000E+00  0.0000000E+00  0.0000000E+00
        2006           3 frst              0.0000000E+00  0.0000000E+00  0.0000000E+00
        2006           4 orcd               1.975940      0.3844418      0.1945614    
        2006           5 rnge               16.58698      0.0000000E+00  0.0000000E+00
        2006           6 wetl              0.0000000E+00  0.0000000E+00  0.0000000E+00
        2006           7 oats               117.5910       330.3157       2.809022    
        2006           8 lupn               150.9647       123.6669      0.8191777    
        2006           9 fesc               173.7292       227.0570       1.306959    
        2006          10 barl               122.1565       494.7830       4.050402    
        2006          11 fpea               73.09444       352.0806       4.816791    
        2006          12 clvr               83.90308      0.0000000E+00  0.0000000E+00
        2006          13 pota               108.4921       440.2502       4.057901    
        2006          14 buck               24.60551       34.60037       1.406204    
        2006          15 wwht               186.2945       113.2278      0.6077893    
        2006          16 canp               405.8141       2202.041       5.426229    
        2006          17 rye                100.6520       475.9942       4.729108    
        2006          18 trit               87.42445       317.7992       3.635129    
        2006          19 csil               12.01496       99.84621       8.310157    
        2006          20 lmix              0.0000000E+00  0.0000000E+00  0.0000000E+00
        2007           1 frsd              0.0000000E+00  0.0000000E+00  0.0000000E+00
        2007           2 frse              0.0000000E+00  0.0000000E+00  0.0000000E+00
        2007           3 frst              0.0000000E+00  0.0000000E+00  0.0000000E+00
        2007           4 orcd               1.975940      0.5214094      0.2638790    
        2007           5 rnge               16.58698      0.0000000E+00  0.0000000E+00
        2007           6 wetl              0.0000000E+00  0.0000000E+00  0.0000000E+00
        2007           7 oats               195.4970       512.5919       2.621994    
        2007           8 lupn               187.0808       136.0448      0.7271978    
        2007           9 fesc               362.3752       197.5914      0.5452675    
        2007          10 barl               154.4239       629.7347       4.077961    
        2007          11 fpea               5.198920      0.1134873      2.1829007E-02
        2007          12 clvr               141.0485      0.0000000E+00  0.0000000E+00
        2007          13 pota               260.0756       1821.494       7.003712    
        2007          14 buck               9.106939       12.96129       1.423232    
        2007          15 wwht               67.65368       262.4985       3.880033    
        2007          16 canp               298.7375       1055.830       3.534306    
        2007          17 rye                68.76181       288.3152       4.192955    
        2007          18 trit               30.39439       153.3682       5.045938    
        2007          19 csil               23.01024       197.8754       8.599448    
        2007          20 lmix              0.0000000E+00  0.0000000E+00  0.0000000E+00
        2008           1 frsd              0.0000000E+00  0.0000000E+00  0.0000000E+00
        2008           2 frse              0.0000000E+00  0.0000000E+00  0.0000000E+00
        2008           3 frst              0.0000000E+00  0.0000000E+00  0.0000000E+00
        2008           4 orcd               1.975940      0.5997509      0.3035268    
        2008           5 rnge               16.58698      0.0000000E+00  0.0000000E+00
        2008           6 wetl              0.0000000E+00  0.0000000E+00  0.0000000E+00
        2008           7 oats               137.2092       450.1748       3.280938    
        2008           8 lupn               107.4853       115.2310       1.072064    
        2008           9 fesc               541.0476       496.9843      0.9185593    
        2008          10 barl               54.54786       201.0071       3.684967    
        2008          11 fpea               115.0552       580.1593       5.042445    
        2008          12 clvr               136.6358      0.0000000E+00  0.0000000E+00
        2008          13 pota               132.7863       1142.854       8.606714    
        2008          14 buck               18.13002       21.61313       1.192118    
        2008          15 wwht               421.5923       986.2078       2.339245    
        2008          16 canp               73.50423       289.2828       3.935594    
        2008          17 rye                38.27672       160.4212       4.191091    
        2008          18 trit               87.85532       431.6265       4.912924    
        2008          19 csil               27.31302       257.7492       9.436861    
        2008          20 lmix              0.0000000E+00  0.0000000E+00  0.0000000E+00
        2009           1 frsd              0.0000000E+00  0.0000000E+00  0.0000000E+00
        2009           2 frse              0.0000000E+00  0.0000000E+00  0.0000000E+00
        2009           3 frst              0.0000000E+00  0.0000000E+00  0.0000000E+00
        2009           4 orcd               1.975940      0.7025300      0.3555420    
        2009           5 rnge               16.58698      0.0000000E+00  0.0000000E+00
        2009           6 wetl              0.0000000E+00  0.0000000E+00  0.0000000E+00
        2009           7 oats               261.0549       802.3168       3.073364    
        2009           8 lupn               61.88545       51.64215      0.8344796    
        2009           9 fesc               104.4843       61.43660      0.5879982    
        2009          10 barl               45.86216       169.0020       3.684999    
        2009          11 fpea               27.80220       127.8057       4.596964    
        2009          12 clvr               241.4805      0.0000000E+00  0.0000000E+00
        2009          13 pota               271.1597       1931.834       7.124341    
        2009          14 buck               33.53731       40.49963       1.207599    
        2009          15 wwht               44.79409       126.5292       2.824685    
        2009          16 canp               324.5222       1699.818       5.237910    
        2009          17 rye                153.3569       625.7475       4.080334    
        2009          18 trit               197.7336       962.2357       4.866323    
        2009          19 csil               6.137110       55.21309       8.996592    
        2009          20 lmix              0.0000000E+00  0.0000000E+00  0.0000000E+00
        2010           1 frsd              0.0000000E+00  0.0000000E+00  0.0000000E+00
        2010           2 frse              0.0000000E+00  0.0000000E+00  0.0000000E+00
        2010           3 frst              0.0000000E+00  0.0000000E+00  0.0000000E+00
        2010           4 orcd               1.975940      0.7425335      0.3757873    
        2010           5 rnge               16.58698      0.0000000E+00  0.0000000E+00
        2010           6 wetl              0.0000000E+00  0.0000000E+00  0.0000000E+00
        2010           7 oats               68.95012       194.8643       2.826163    
        2010           8 lupn               164.0530       181.5905       1.106901    
        2010           9 fesc               46.77908       61.23613       1.309049    
        2010          10 barl               36.47241       123.6407       3.389980    
        2010          11 fpea               85.49306       427.1042       4.995777    
        2010          12 clvr               53.74211      0.0000000E+00  0.0000000E+00
        2010          13 pota               256.7287       1437.482       5.599228    
        2010          14 buck               8.182180       9.300638       1.136694    
        2010          15 wwht               406.5341       698.3405       1.717791    
        2010          16 canp               59.04479       273.2772       4.628303    
        2010          17 rye                111.4482       384.4942       3.449981    
        2010          18 trit               215.2103       1093.651       5.081778    
        2010          19 csil               39.34635       277.7435       7.058939    
        2010          20 lmix              0.0000000E+00  0.0000000E+00  0.0000000E+00
        2011           1 frsd              0.0000000E+00  0.0000000E+00  0.0000000E+00
        2011           2 frse              0.0000000E+00  0.0000000E+00  0.0000000E+00
        2011           3 frst              0.0000000E+00  0.0000000E+00  0.0000000E+00
        2011           4 orcd               1.975940      0.8392308      0.4247246    
        2011           5 rnge               16.58698      0.0000000E+00  0.0000000E+00
        2011           6 wetl              0.0000000E+00  0.0000000E+00  0.0000000E+00
        2011           7 oats               117.5910       362.5869       3.083457    
        2011           8 lupn               150.9647       154.5972       1.024062    
        2011           9 fesc               173.7292       194.0072       1.116722    
        2011          10 barl               122.1565       497.6557       4.073918    
        2011          11 fpea               73.09444       386.2290       5.283972    
        2011          12 clvr               83.90308      0.0000000E+00  0.0000000E+00
        2011          13 pota               108.4921       906.2820       8.353439    
        2011          14 buck               24.60551       31.52421       1.281185    
        2011          15 wwht               186.2945       482.8021       2.591607    
        2011          16 canp               405.8141       1704.589       4.200419    
        2011          17 rye                100.6520       402.1470       3.995420    
        2011          18 trit               87.42445       389.9941       4.460927    
        2011          19 csil               12.01496       109.5185       9.115178    
        2011          20 lmix              0.0000000E+00  0.0000000E+00  0.0000000E+00
        2012           1 frsd              0.0000000E+00  0.0000000E+00  0.0000000E+00
        2012           2 frse              0.0000000E+00  0.0000000E+00  0.0000000E+00
        2012           3 frst              0.0000000E+00  0.0000000E+00  0.0000000E+00
        2012           4 orcd               1.975940      0.8828999      0.4468250    
        2012           5 rnge               16.58698      0.0000000E+00  0.0000000E+00
        2012           6 wetl              0.0000000E+00  0.0000000E+00  0.0000000E+00
        2012           7 oats               198.5167       583.6781       2.940196    
        2012           8 lupn               189.7441       152.3504      0.8029260    
        2012           9 fesc               362.3752       261.4052      0.7213659    
        2012          10 barl               154.4239       664.9284       4.305864    
        2012          11 fpea               5.198920      0.4516006      8.6864300E-02
        2012          12 clvr               141.0485      0.0000000E+00  0.0000000E+00
        2012          13 pota               260.0756       2080.321       7.998909    
        2012          14 buck               9.106939       13.95675       1.532540    
        2012          15 wwht               67.65368       167.9124       2.481941    
        2012          16 canp               298.7375       1485.032       4.971027    
        2012          17 rye                68.76181       282.9615       4.115096    
        2012          18 trit               30.39439       152.5387       5.018647    
        2012          19 csil               17.32723       159.4705       9.203462    
        2012          20 lmix              0.0000000E+00  0.0000000E+00  0.0000000E+00
        2013           1 frsd              0.0000000E+00  0.0000000E+00  0.0000000E+00
        2013           2 frse              0.0000000E+00  0.0000000E+00  0.0000000E+00
        2013           3 frst              0.0000000E+00  0.0000000E+00  0.0000000E+00
        2013           4 orcd               1.975940      0.9475273      0.4795322    
        2013           5 rnge               16.58698      0.0000000E+00  0.0000000E+00
        2013           6 wetl              0.0000000E+00  0.0000000E+00  0.0000000E+00
        2013           7 oats               134.1894       435.8343       3.247904    
        2013           8 lupn               104.8220       95.85488      0.9144536    
        2013           9 fesc               541.0475       480.5119      0.8881140    
        2013          10 barl               54.54786       230.3940       4.223704    
        2013          11 fpea               115.0552       451.5365       3.924522    
        2013          12 clvr               136.6358      0.0000000E+00  0.0000000E+00
        2013          13 pota               132.7863       896.1766       6.749014    
        2013          14 buck               18.13002       21.58124       1.190359    
        2013          15 wwht               421.5923       704.4275       1.670874    
        2013          16 canp               73.50422       381.0359       5.183864    
        2013          17 rye                38.27672       165.7431       4.330127    
        2013          18 trit               87.85533       433.2932       4.931895    
        2013          19 csil               32.99603       332.4713       10.07610    
        2013          20 lmix              0.0000000E+00  0.0000000E+00  0.0000000E+00
        2014           1 frsd              0.0000000E+00  0.0000000E+00  0.0000000E+00
        2014           2 frse              0.0000000E+00  0.0000000E+00  0.0000000E+00
        2014           3 frst              0.0000000E+00  0.0000000E+00  0.0000000E+00
        2014           4 orcd               1.975940      0.9883684      0.5002014    
        2014           5 rnge               16.58698      0.0000000E+00  0.0000000E+00
        2014           6 wetl              0.0000000E+00  0.0000000E+00  0.0000000E+00
        2014           7 oats               261.0549       683.4599       2.618069    
        2014           8 lupn               61.88545       59.16110      0.9559776    
        2014           9 fesc               104.4843       65.85491      0.6302850    
        2014          10 barl               45.86216       222.3239       4.847655    
        2014          11 fpea               27.80220       161.8559       5.821693    
        2014          12 clvr               241.4805      0.0000000E+00  0.0000000E+00
        2014          13 pota               271.1597       1659.010       6.118204    
        2014          14 buck               33.53731       43.19885       1.288084    
        2014          15 wwht               44.79409       149.7952       3.344084    
        2014          16 canp               324.5222       1525.122       4.699591    
        2014          17 rye                153.3569       679.6989       4.432137    
        2014          18 trit               197.7336       913.7767       4.621251    
        2014          19 csil               6.137110       58.46756       9.526886    
        2014          20 lmix              0.0000000E+00  0.0000000E+00  0.0000000E+00
        2015           1 frsd              0.0000000E+00  0.0000000E+00  0.0000000E+00
        2015           2 frse              0.0000000E+00  0.0000000E+00  0.0000000E+00
        2015           3 frst              0.0000000E+00  0.0000000E+00  0.0000000E+00
        2015           4 orcd               1.975940       1.013992      0.5131691    
        2015           5 rnge               16.58698      0.0000000E+00  0.0000000E+00
        2015           6 wetl              0.0000000E+00  0.0000000E+00  0.0000000E+00
        2015           7 oats               71.96989       211.4732       2.938357    
        2015           8 lupn               166.7163       181.3628       1.087853    
        2015           9 fesc               46.77908       51.43324       1.099492    
        2015          10 barl               36.47241       139.6559       3.829084    
        2015          11 fpea               85.49305       357.1289       4.177286    
        2015          12 clvr               53.74211      0.0000000E+00  0.0000000E+00
        2015          13 pota               256.7287       1987.749       7.742604    
        2015          14 buck               8.182180       10.01330       1.223793    
        2015          15 wwht               406.5341       978.3804       2.406638    
        2015          16 canp               59.04478       342.1851       5.795348    
        2015          17 rye                111.4482       431.9066       3.875402    
        2015          18 trit               215.2103       1200.112       5.576465    
        2015          19 csil               33.66334       232.9909       6.921206    
        2015          20 lmix              0.0000000E+00  0.0000000E+00  0.0000000E+00
        2016           1 frsd              0.0000000E+00  0.0000000E+00  0.0000000E+00
        2016           2 frse              0.0000000E+00  0.0000000E+00  0.0000000E+00
        2016           3 frst              0.0000000E+00  0.0000000E+00  0.0000000E+00
        2016           4 orcd               1.975940       1.035148      0.5238761    
        2016           5 rnge               16.58698      0.0000000E+00  0.0000000E+00
        2016           6 wetl              0.0000000E+00  0.0000000E+00  0.0000000E+00
        2016           7 oats               114.5713       343.0941       2.994591    
        2016           8 lupn               148.3014       134.4838      0.9068276    
        2016           9 fesc               173.7292       241.1404       1.388025    
        2016          10 barl               122.1565       494.2509       4.046046    
        2016          11 fpea               73.09443       395.7354       5.414030    
        2016          12 clvr               83.90308      0.0000000E+00  0.0000000E+00
        2016          13 pota               108.4921       853.7974       7.869675    
        2016          14 buck               24.60551       38.12047       1.549265    
        2016          15 wwht               186.2945       631.6198       3.390438    
        2016          16 canp               405.8141       2004.713       4.939980    
        2016          17 rye                100.6520       463.3752       4.603736    
        2016          18 trit               87.42446       407.2148       4.657905    
        2016          19 csil               17.69797       163.5478       9.241049    
        2016          20 lmix              0.0000000E+00  0.0000000E+00  0.0000000E+00
        2017           1 frsd              0.0000000E+00  0.0000000E+00  0.0000000E+00
        2017           2 frse              0.0000000E+00  0.0000000E+00  0.0000000E+00
        2017           3 frst              0.0000000E+00  0.0000000E+00  0.0000000E+00
        2017           4 orcd               1.975940       1.035086      0.5238444    
        2017           5 rnge               16.58698      0.0000000E+00  0.0000000E+00
        2017           6 wetl              0.0000000E+00  0.0000000E+00  0.0000000E+00
        2017           7 oats               198.5168       606.1769       3.053530    
        2017           8 lupn               189.7441       180.5671      0.9516348    
        2017           9 fesc               362.3752       288.9863      0.7974780    
        2017          10 barl               154.4239       529.9208       3.431598    
        2017          11 fpea               5.198920      0.2469975      4.7509380E-02
        2017          12 clvr               141.0485      0.0000000E+00  0.0000000E+00
        2017          13 pota               260.0756       2233.971       8.589699    
        2017          14 buck               9.106939       14.21993       1.561439    
        2017          15 wwht               67.65368       177.7230       2.626952    
        2017          16 canp               298.7375       1454.995       4.870479    
        2017          17 rye                68.76181       276.7110       4.024196    
        2017          18 trit               30.39439       150.4539       4.950054    
        2017          19 csil               17.32723       168.7390       9.738370    
        2017          20 lmix              0.0000000E+00  0.0000000E+00  0.0000000E+00
        2018           1 frsd              0.0000000E+00  0.0000000E+00  0.0000000E+00
        2018           2 frse              0.0000000E+00  0.0000000E+00  0.0000000E+00
        2018           3 frst              0.0000000E+00  0.0000000E+00  0.0000000E+00
        2018           4 orcd               1.975940       1.099818      0.5566047    
        2018           5 rnge               16.58698      0.0000000E+00  0.0000000E+00
        2018           6 wetl              0.0000000E+00  0.0000000E+00  0.0000000E+00
        2018           7 oats               137.2092       431.1096       3.141989    
        2018           8 lupn               107.4853       97.74275      0.9093595    
        2018           9 fesc               541.0475       410.3277      0.7583948    
        2018          10 barl               54.54786       233.8841       4.287686    
        2018          11 fpea               115.0552       326.8231       2.840577    
        2018          12 clvr               136.6358      0.0000000E+00  0.0000000E+00
        2018          13 pota               132.7863       682.5452       5.140178    
        2018          14 buck               18.13002       23.10218       1.274250    
        2018          15 wwht               421.5923       1201.551       2.850030    
        2018          16 canp               73.50423       197.4821       2.686677    
        2018          17 rye                38.27672       155.9955       4.075467    
        2018          18 trit               87.85532       337.3985       3.840387    
        2018          19 csil               27.31302       276.3291       10.11712    
        2018          20 lmix              0.0000000E+00  0.0000000E+00  0.0000000E+00
        2019           1 frsd              0.0000000E+00  0.0000000E+00  0.0000000E+00
        2019           2 frse              0.0000000E+00  0.0000000E+00  0.0000000E+00
        2019           3 frst              0.0000000E+00  0.0000000E+00  0.0000000E+00
        2019           4 orcd               1.975940      6.3627899E-02  3.2201316E-02
        2019           5 rnge               16.58698      0.0000000E+00  0.0000000E+00
        2019           6 wetl              0.0000000E+00  0.0000000E+00  0.0000000E+00
        2019           7 oats               258.0352       629.0455       2.437828    
        2019           8 lupn               59.22220       43.85877      0.7405799    
        2019           9 fesc               104.4843       75.63472      0.7238857    
        2019          10 barl               45.86216       217.7217       4.747307    
        2019          11 fpea               27.80220       159.0536       5.720899    
        2019          12 clvr               241.4805      0.0000000E+00  0.0000000E+00
        2019          13 pota               271.1597       1798.104       6.631163    
        2019          14 buck               33.53731       43.52100       1.297689    
        2019          15 wwht               44.79409       124.4768       2.778866    
        2019          16 canp               324.5222       785.7431       2.421231    
        2019          17 rye                153.3569       622.3335       4.058072    
        2019          18 trit               197.7336       705.7430       3.569160    
        2019          19 csil               11.82012       117.5908       9.948359    
        2019          20 lmix              0.0000000E+00  0.0000000E+00  0.0000000E+00
        2020           1 frsd              0.0000000E+00  0.0000000E+00  0.0000000E+00
        2020           2 frse              0.0000000E+00  0.0000000E+00  0.0000000E+00
        2020           3 frst              0.0000000E+00  0.0000000E+00  0.0000000E+00
        2020           4 orcd               1.975940      0.2714076      0.1373561    
        2020           5 rnge               16.58698      0.0000000E+00  0.0000000E+00
        2020           6 wetl              0.0000000E+00  0.0000000E+00  0.0000000E+00
        2020           7 oats               71.96988       198.7034       2.760924    
        2020           8 lupn               166.7163       143.0240      0.8578886    
        2020           9 fesc               46.77908       37.82779      0.8086475    
        2020          10 barl               36.47241       165.6149       4.540828    
        2020          11 fpea               85.49304       378.4271       4.426408    
        2020          12 clvr               53.74211      0.0000000E+00  0.0000000E+00
        2020          13 pota               256.7287       1543.979       6.014050    
        2020          14 buck               8.182180       9.960546       1.217346    
        2020          15 wwht               406.5341       1382.504       3.400710    
        2020          16 canp               59.04479       311.1323       5.269429    
        2020          17 rye                111.4482       479.5630       4.303012    
        2020          18 trit               215.2103       1152.462       5.355053    
        2020          19 csil               33.66334       257.8141       7.658600    
        2020          20 lmix              0.0000000E+00  0.0000000E+00  0.0000000E+00
        2021           1 frsd              0.0000000E+00  0.0000000E+00  0.0000000E+00
        2021           2 frse              0.0000000E+00  0.0000000E+00  0.0000000E+00
        2021           3 frst              0.0000000E+00  0.0000000E+00  0.0000000E+00
        2021           4 orcd               1.975940      0.4408423      0.2231050    
        2021           5 rnge               16.58698      0.0000000E+00  0.0000000E+00
        2021           6 wetl              0.0000000E+00  0.0000000E+00  0.0000000E+00
        2021           7 oats               117.5910       309.5569       2.632487    
        2021           8 lupn               150.9647       86.00192      0.5696824    
        2021           9 fesc               173.7292       265.0031       1.525380    
        2021          10 barl               122.1565       452.1763       3.701613    
        2021          11 fpea               73.09443       360.7228       4.935025    
        2021          12 clvr               83.90308      0.0000000E+00  0.0000000E+00
        2021          13 pota               108.4921       580.5936       5.351483    
        2021          14 buck               24.60551       36.62916       1.488657    
        2021          15 wwht               186.2945       371.7457       1.995474    
        2021          16 canp               405.8141       997.5533       2.458153    
        2021          17 rye                100.6520       449.8943       4.469800    
        2021          18 trit               87.42446       338.4659       3.871524    
        2021          19 csil               12.01496       101.5433       8.451406    
        2021          20 lmix              0.0000000E+00  0.0000000E+00  0.0000000E+00
        2022           1 frsd              0.0000000E+00  0.0000000E+00  0.0000000E+00
        2022           2 frse              0.0000000E+00  0.0000000E+00  0.0000000E+00
        2022           3 frst              0.0000000E+00  0.0000000E+00  0.0000000E+00
        2022           4 orcd               1.975940      0.5386808      0.2726199    
        2022           5 rnge               16.58698      0.0000000E+00  0.0000000E+00
        2022           6 wetl              0.0000000E+00  0.0000000E+00  0.0000000E+00
        2022           7 oats               195.4970       548.5037       2.805688    
        2022           8 lupn               187.0808       155.6898      0.8322062    
        2022           9 fesc               362.3753       304.4612      0.8401821    
        2022          10 barl               154.4239       655.1335       4.242436    
        2022          11 fpea               5.198920       2.035828      0.3915866    
        2022          12 clvr               141.0485      0.0000000E+00  0.0000000E+00
        2022          13 pota               260.0756       1556.940       5.986490    
        2022          14 buck               9.106939       14.82495       1.627873    
        2022          15 wwht               67.65368       170.5537       2.520982    
        2022          16 canp               298.7375       1369.545       4.584443    
        2022          17 rye                68.76181       278.5822       4.051409    
        2022          18 trit               30.39439       148.4242       4.883276    
        2022          19 csil               23.01024       221.0058       9.604671    
        2022          20 lmix              0.0000000E+00  0.0000000E+00  0.0000000E+00
        2023           1 frsd              0.0000000E+00  0.0000000E+00  0.0000000E+00
        2023           2 frse              0.0000000E+00  0.0000000E+00  0.0000000E+00
        2023           3 frst              0.0000000E+00  0.0000000E+00  0.0000000E+00
        2023           4 orcd               1.975940      0.6470184      0.3274483    
        2023           5 rnge               16.58698      0.0000000E+00  0.0000000E+00
        2023           6 wetl              0.0000000E+00  0.0000000E+00  0.0000000E+00
        2023           7 oats               137.2092       451.2419       3.288715    
        2023           8 lupn               107.4853       103.9289      0.9669126    
        2023           9 fesc               541.0476       588.4017       1.087523    
        2023          10 barl               54.54786       194.3327       3.562608    
        2023          11 fpea               115.0552       364.7773       3.170456    
        2023          12 clvr               136.6358      0.0000000E+00  0.0000000E+00
        2023          13 pota               132.7863       750.2944       5.650391    
        2023          14 buck               18.13002       27.79460       1.533070    
        2023          15 wwht               421.5923       814.4155       1.931761    
        2023          16 canp               73.50422       224.0386       3.047969    
        2023          17 rye                38.27672       169.3575       4.424555    
        2023          18 trit               87.85532       351.2831       3.998427    
        2023          19 csil               27.31302       255.5089       9.354838    
        2023          20 lmix              0.0000000E+00  0.0000000E+00  0.0000000E+00
