 Mini_CREATE               SWAT+ Jan 11 2024        MODULAR Rev 2024.61.0                                 
       year     plant_no   plant_name       harv_area(ha)    yld(t)         yld(t/ha)      
        2023           1 frsd              0.0000000E+00  0.0000000E+00  0.0000000E+00
        2023           2 frse              0.0000000E+00  0.0000000E+00  0.0000000E+00
        2023           3 frst              0.0000000E+00  0.0000000E+00  0.0000000E+00
        2023           4 orcd               2.072764      0.6934272      0.3345423    
        2023           5 rnge               17.39976      0.0000000E+00  0.0000000E+00
        2023           6 wetl              0.0000000E+00  0.0000000E+00  0.0000000E+00
        2023           7 fesc               821.2141       255.6461      0.3113027    
        2023           8 lupn               148.0904       135.6409      0.9159331    
        2023           9 clvr               168.8419      0.0000000E+00  0.0000000E+00
        2023          10 oats               153.1703       456.9323       2.983165    
        2023          11 barl               86.74461       347.9232       4.010891    
        2023          12 fpea               64.33395       283.7384       4.410399    
        2023          13 pota               215.9353       1484.631       6.875350    
        2023          14 buck               19.62932       26.44144       1.347038    
        2023          15 wwht               236.4173       533.8087       2.257909    
        2023          16 canp               243.7088       1063.772       4.364932    
        2023          17 rye                99.12971       425.8910       4.296300    
        2023          18 trit               129.7862       638.8959       4.922679    
        2023          19 csil               15.67160       135.4814       8.645024    
        2023          20 lmix              0.0000000E+00  0.0000000E+00  0.0000000E+00
