 Mini_CREATE               SWAT+ Jan 11 2024        MODULAR Rev 2024.61.0                                 
   jday   mon   day    yr   unit  gis_id  name                 sedyld     sedorgn     sedorgp     surqno3     lat3no3    surqsolp        usle     sedminp     tileno3     lchlabp    tilelabp      satexn
                                                                  tha        kgha        kgha        kgha        kgha        kgha        tons        kgha        kgha        kgha        kgha        kgha
   365    12    31  2023       1       0  hru001                 0.005       0.040       0.004       0.237       0.194       0.112       0.000       0.004       0.000       2.409       0.000       0.000
   365    12    31  2023       2       0  hru002                 0.005       0.042       0.004       0.239       0.185       0.118       0.000       0.004       0.000       2.383       0.000       0.000
   365    12    31  2023       3       0  hru003                 0.000       0.000       0.000       0.000       4.416       0.000       0.000       0.000       0.000       1.734       0.000       0.000
   365    12    31  2023       4       0  hru004                 0.000       0.000       0.000       0.000       5.295       0.000       0.000       0.000       0.000       0.564       0.000       0.000
   365    12    31  2023       5       0  hru005                 0.000       0.000       0.000       0.000       4.430       0.000       0.000       0.000       0.000       0.919       0.000       0.000
   365    12    31  2023       6       0  hru006                 0.000       0.000       0.000       0.000       4.921       0.000       0.000       0.000       0.000       0.710       0.000       0.000
   365    12    31  2023       7       0  hru007                 0.000       0.000       0.000       0.000       3.699       0.000       0.000       0.000       0.000       1.240       0.000       0.000
   365    12    31  2023       8       0  hru008                 0.000       0.000       0.000       0.000       5.355       0.000       0.000       0.000       0.000       0.541       0.000       0.000
   365    12    31  2023       9       0  hru009                 0.021       0.219       0.021       0.310       1.008       0.316       0.000       0.017       0.000       4.715       0.000       0.000
   365    12    31  2023      10       0  hru010                 0.000       0.000       0.000       0.000       3.626       0.000       0.000       0.000       0.000       1.272       0.000       0.000
   365    12    31  2023      11       0  hru011                 0.000       0.000       0.000       0.000       3.684       0.000       0.000       0.000       0.000       1.246       0.000       0.000
   365    12    31  2023      12       0  hru012                 0.000       0.000       0.000       0.000       2.231       0.000       0.000       0.000       0.000       1.874       0.000       0.000
   365    12    31  2023      13       0  hru013                 0.000       0.000       0.000       0.000       4.046       0.000       0.000       0.000       0.000       1.087       0.000       0.000
   365    12    31  2023      14       0  hru014                 0.000       0.000       0.000       0.000       3.896       0.000       0.000       0.000       0.000       1.154       0.000       0.000
   365    12    31  2023      15       0  hru015                 0.000       0.000       0.000       0.000       4.493       0.000       0.000       0.000       0.000       0.891       0.000       0.000
   365    12    31  2023      16       0  hru016                 0.006       0.048       0.005       0.273       6.072       0.136       0.000       0.004       0.000       4.877       0.000       0.000
   365    12    31  2023      17       0  hru017                 0.000       0.000       0.000       0.000       3.700       0.000       0.000       0.000       0.000       0.890       0.000       0.000
   365    12    31  2023      18       0  hru018                 0.002       0.012       0.001       0.032       5.701       0.077       0.000       0.001       0.000       3.391       0.000       0.000
   365    12    31  2023      19       0  hru019                 0.002       0.026       0.003       0.051       7.043       0.064       0.000       0.002       0.000       4.832       0.000       0.000
   365    12    31  2023      20       0  hru020                 0.001       0.006       0.001       0.015       7.296       0.027       0.000       0.001       0.000       3.549       0.000       0.000
   365    12    31  2023      21       0  hru021                 0.000       0.000       0.000       0.000       2.480       0.000       0.000       0.000       0.000       1.359       0.000       0.000
   365    12    31  2023      22       0  hru022                 0.000       0.000       0.000       0.000       2.315       0.000       0.000       0.000       0.000       1.417       0.000       0.000
   365    12    31  2023      23       0  hru023                 0.000       0.000       0.000       0.000       1.180       0.000       0.000       0.000       0.000       1.666       0.000       0.000
   365    12    31  2023      24       0  hru024                 0.000       0.000       0.000       0.000       1.017       0.000       0.000       0.000       0.000       1.803       0.000       0.000
   365    12    31  2023      25       0  hru025                 0.000       0.000       0.000       0.000       3.565       0.000       0.000       0.000       0.000       0.961       0.000       0.000
   365    12    31  2023      26       0  hru026                 0.000       0.000       0.000       0.000       2.425       0.000       0.000       0.000       0.000       1.445       0.000       0.000
   365    12    31  2023      27       0  hru027                 0.000       0.000       0.000       0.014       1.560       0.002       0.000       0.000       0.000       2.255       0.000       0.000
   365    12    31  2023      28       0  hru028                 0.000       0.000       0.000       0.000       3.666       0.000       0.000       0.000       0.000       0.922       0.000       0.000
   365    12    31  2023      29       0  hru029                 0.000       0.002       0.000       0.015       3.477       0.003       0.000       0.000       0.000       1.739       0.000       0.000
   365    12    31  2023      30       0  hru030                 0.003       0.018       0.002       0.069       1.103       0.018       0.000       0.002       0.000       2.243       0.000       0.000
   365    12    31  2023      31       0  hru031                 0.006       0.041       0.004       0.063       7.201       0.092       0.000       0.004       0.000       2.083       0.000       0.000
   365    12    31  2023      32       0  hru032                 0.022       0.137       0.016       0.105       0.362       0.044       0.000       0.010       0.000       2.246       0.000       0.000
   365    12    31  2023      33       0  hru033                 0.000       0.000       0.000       0.000       1.229       0.000       0.000       0.000       0.000       1.079       0.000       0.000
   365    12    31  2023      34       0  hru034                 0.001       0.005       0.001       0.013       0.913       0.002       0.000       0.000       0.000       3.185       0.000       0.000
   365    12    31  2023      35       0  hru035                 0.000       0.000       0.000       0.000       1.314       0.000       0.000       0.000       0.000       1.801       0.000       0.000
   365    12    31  2023      36       0  hru036                 0.000       0.000       0.000       0.000       0.650       0.000       0.000       0.000       0.000       2.959       0.000       0.000
   365    12    31  2023      37       0  hru037                 0.012       0.075       0.009       0.082       0.222       0.042       0.000       0.005       0.000       4.433       0.000       0.000
   365    12    31  2023      38       0  hru038                 0.000       0.000       0.000       0.000       1.127       0.000       0.000       0.000       0.000       2.213       0.000       0.000
   365    12    31  2023      39       0  hru039                 0.000       0.000       0.000       0.000       1.358       0.000       0.000       0.000       0.000       1.691       0.000       0.000
   365    12    31  2023      40       0  hru040                 0.136       0.822       0.095       0.258       0.223       0.210       0.000       0.061       0.000       4.138       0.000       0.000
   365    12    31  2023      41       0  hru041                 0.000       0.000       0.000       0.000       1.299       0.000       0.000       0.000       0.000       2.930       0.000       0.000
   365    12    31  2023      42       0  hru042                 0.010       0.067       0.008       0.086       0.181       0.045       0.000       0.005       0.000       4.501       0.000       0.000
   365    12    31  2023      43       0  hru043                 0.022       0.269       0.077       9.409       0.000       1.542       0.000       0.228       0.000       0.000       0.000       0.000
   365    12    31  2023      44       0  hru044                 0.015       0.135       0.026       7.999       0.107       1.937       0.000       0.067       0.000       0.594       0.000       0.000
   365    12    31  2023      45       0  hru045                 0.000       0.000       0.000      10.202       0.000       1.347       0.000       0.000       0.000       0.000       0.000       0.000
   365    12    31  2023      46       0  hru046                 0.000       0.001       0.000       8.108       0.218       1.865       0.000       0.001       0.000       0.073       0.000       0.000
   365    12    31  2023      47       0  hru047                 0.000       0.000       0.000      10.415       0.000       1.361       0.000       0.000       0.000       0.000       0.000       0.000
   365    12    31  2023      48       0  hru048                 0.000       0.000       0.000      11.545       0.000       1.188       0.000       0.000       0.000       0.000       0.000       0.000
   365    12    31  2023      49       0  hru049                 0.001       0.000       0.000      10.171       0.000       1.482       0.000       0.000       0.000       0.000       0.000       0.000
   365    12    31  2023      50       0  hru050                 0.002       0.000       0.000      10.171       0.000       1.482       0.000       0.000       0.000       0.000       0.000       0.000
   365    12    31  2023      51       0  hru051                 0.000       0.000       0.000      10.172       0.000       1.482       0.000       0.000       0.000       0.000       0.000       0.000
   365    12    31  2023      52       0  hru052                 0.000       0.000       0.000       8.534       0.002       2.008       0.000       0.000       0.000       0.000       0.000       0.000
   365    12    31  2023      53       0  hru053                 0.006       0.116       0.020       6.241       2.177       2.073       0.000       0.042       0.000       4.517       0.000       0.000
   365    12    31  2023      54       0  hru054                 0.000       0.000       0.000      10.171       0.000       1.482       0.000       0.000       0.000       0.000       0.000       0.000
   365    12    31  2023      55       0  hru055                 0.000       0.001       0.000       0.219       0.672       0.096       0.000       0.000       0.000       2.223       0.000       0.000
   365    12    31  2023      56       0  hru056                 0.000       0.000       0.000       0.000       4.648       0.000       0.000       0.000       0.000       0.825       0.000       0.000
   365    12    31  2023      57       0  hru057                 0.000       0.000       0.000       0.228       0.445       0.103       0.000       0.000       0.000       2.312       0.000       0.000
   365    12    31  2023      58       0  hru058                 0.000       0.001       0.000       0.322       0.737       0.265       0.000       0.000       0.000       2.570       0.000       0.000
   365    12    31  2023      59       0  hru059                 0.000       0.000       0.000       0.233       0.302       0.108       0.000       0.000       0.000       2.367       0.000       0.000
   365    12    31  2023      60       0  hru060                 0.000       0.001       0.000       0.115       2.273       0.054       0.000       0.000       0.000       2.448       0.000       0.000
   365    12    31  2023      61       0  hru061                 0.000       0.000       0.000       0.040       2.891       0.013       0.000       0.000       0.000       2.114       0.000       0.000
   365    12    31  2023      62       0  hru062                 0.000       0.000       0.000       0.281       4.861       0.673       0.000       0.000       0.000       2.575       0.000       0.000
   365    12    31  2023      63       0  hru063                 0.000       0.000       0.000       0.161       0.406       0.088       0.000       0.000       0.000       3.006       0.000       0.000
   365    12    31  2023      64       0  hru064                 0.000       0.000       0.000       0.000       5.345       0.000       0.000       0.000       0.000       0.545       0.000       0.000
   365    12    31  2023      65       0  hru065                 0.000       0.000       0.000       0.000       5.189       0.000       0.000       0.000       0.000       0.603       0.000       0.000
   365    12    31  2023      66       0  hru066                 0.000       0.000       0.000       0.000       5.623       0.000       0.000       0.000       0.000       0.449       0.000       0.000
   365    12    31  2023      67       0  hru067                 0.000       0.000       0.000       0.000       4.082       0.000       0.000       0.000       0.000       0.744       0.000       0.000
   365    12    31  2023      68       0  hru068                 0.000       0.000       0.000       0.000       4.202       0.000       0.000       0.000       0.000       1.019       0.000       0.000
   365    12    31  2023      69       0  hru069                 0.000       0.000       0.000       0.000       3.560       0.000       0.000       0.000       0.000       1.300       0.000       0.000
   365    12    31  2023      70       0  hru070                 0.000       0.000       0.000       0.000       2.998       0.000       0.000       0.000       0.000       1.546       0.000       0.000
   365    12    31  2023      71       0  hru071                 0.000       0.000       0.000       0.000       2.688       0.000       0.000       0.000       0.000       1.680       0.000       0.000
   365    12    31  2023      72       0  hru072                 0.000       0.000       0.000       0.000       3.744       0.000       0.000       0.000       0.000       1.221       0.000       0.000
   365    12    31  2023      73       0  hru073                 0.000       0.000       0.000       0.743       0.460       0.693       0.000       0.000       0.000       5.108       0.000       0.000
   365    12    31  2023      74       0  hru074                 0.000       0.000       0.000       0.240       0.294       0.114       0.000       0.000       0.000       2.339       0.000       0.000
   365    12    31  2023      75       0  hru075                 0.000       0.000       0.000       0.281       0.333       0.182       0.000       0.000       0.000       2.488       0.000       0.000
   365    12    31  2023      76       0  hru076                 0.000       0.000       0.000       0.025       2.353       0.005       0.000       0.000       0.000       2.493       0.000       0.000
   365    12    31  2023      77       0  hru077                 0.000       0.000       0.000       0.001       5.215       0.000       0.000       0.000       0.000       2.924       0.000       0.000
   365    12    31  2023      78       0  hru078                 0.000       0.000       0.000       0.000       3.465       0.000       0.000       0.000       0.000       1.954       0.000       0.000
   365    12    31  2023      79       0  hru079                 0.000       0.000       0.000       0.383       7.396       0.289       0.000       0.000       0.000       5.867       0.000       0.000
   365    12    31  2023      80       0  hru080                 0.000       0.000       0.000       0.000       3.702       0.000       0.000       0.000       0.000       0.908       0.000       0.000
   365    12    31  2023      81       0  hru081                 0.000       0.000       0.000       1.238       7.650       1.268       0.000       0.000       0.000       7.058       0.000       0.000
   365    12    31  2023      82       0  hru082                 0.000       0.000       0.000       0.056       5.297       0.058       0.000       0.000       0.000       4.300       0.000       0.000
   365    12    31  2023      83       0  hru083                 0.000       0.000       0.000       0.032       4.469       0.045       0.000       0.000       0.000       3.885       0.000       0.000
   365    12    31  2023      84       0  hru084                 0.000       0.000       0.000       0.000       2.454       0.000       0.000       0.000       0.000       1.944       0.000       0.000
   365    12    31  2023      85       0  hru085                 0.000       0.000       0.000       0.000       2.535       0.000       0.000       0.000       0.000       1.340       0.000       0.000
   365    12    31  2023      86       0  hru086                 0.000       0.000       0.000       0.478       0.740       0.585       0.000       0.000       0.000       4.230       0.000       0.000
   365    12    31  2023      87       0  hru087                 0.000       0.000       0.000       1.778       9.216       1.219       0.000       0.000       0.000      10.187       0.000       0.000
   365    12    31  2023      88       0  hru088                 0.000       0.000       0.000       0.000       1.589       0.000       0.000       0.000       0.000       1.870       0.000       0.000
   365    12    31  2023      89       0  hru089                 0.000       0.000       0.000       0.001       4.644       0.001       0.000       0.000       0.000       2.667       0.000       0.000
   365    12    31  2023      90       0  hru090                 0.000       0.000       0.000       0.000       4.418       0.000       0.000       0.000       0.000       2.488       0.000       0.000
   365    12    31  2023      91       0  hru091                 0.000       0.000       0.000       0.000       1.003       0.000       0.000       0.000       0.000       1.815       0.000       0.000
   365    12    31  2023      92       0  hru092                 0.000       0.000       0.000       0.190       0.795       0.104       0.000       0.000       0.000       3.008       0.000       0.000
   365    12    31  2023      93       0  hru093                 0.000       0.000       0.000       0.000       4.102       0.000       0.000       0.000       0.000       2.850       0.000       0.000
   365    12    31  2023      94       0  hru094                 0.000       0.000       0.000       0.000       1.131       0.000       0.000       0.000       0.000       1.707       0.000       0.000
   365    12    31  2023      95       0  hru095                 0.000       0.001       0.000       1.232       2.428       0.942       0.000       0.000       0.000       6.148       0.000       0.000
   365    12    31  2023      96       0  hru096                 0.000       0.000       0.000       0.094       3.882       0.144       0.000       0.000       0.000       2.927       0.000       0.000
   365    12    31  2023      97       0  hru097                 0.000       0.000       0.000       0.000       2.444       0.000       0.000       0.000       0.000       0.767       0.000       0.000
   365    12    31  2023      98       0  hru098                 0.000       0.000       0.000       0.096       1.286       0.033       0.000       0.000       0.000       2.388       0.000       0.000
   365    12    31  2023      99       0  hru099                 0.001       0.003       0.000       0.522       1.596       0.840       0.000       0.000       0.000       5.474       0.000       0.000
   365    12    31  2023     100       0  hru100                 0.000       0.000       0.000       0.607       1.240       0.380       0.000       0.000       0.000       5.645       0.000       0.000
   365    12    31  2023     101       0  hru101                 0.000       0.000       0.000       0.000       5.089       0.000       0.000       0.000       0.000       1.717       0.000       0.000
   365    12    31  2023     102       0  hru102                 0.008       0.049       0.005       0.092       1.167       0.012       0.000       0.003       0.000       3.165       0.000       0.000
   365    12    31  2023     103       0  hru103                 0.012       0.057       0.006       0.074      17.757       0.014       0.000       0.005       0.000       4.788       0.000       0.000
   365    12    31  2023     104       0  hru104                 0.005       0.034       0.004       0.086       0.850       0.019       0.000       0.002       0.000       3.141       0.000       0.000
   365    12    31  2023     105       0  hru105                 0.004       0.021       0.002       0.047       9.986       0.051       0.000       0.002       0.000       2.919       0.000       0.000
   365    12    31  2023     106       0  hru106                 0.128       0.911       0.096       0.255       3.209       0.069       0.000       0.060       0.000       2.757       0.000       0.000
   365    12    31  2023     107       0  hru107                 0.080       0.533       0.063       0.329       0.433       0.207       0.000       0.039       0.000       2.910       0.000       0.000
   365    12    31  2023     108       0  hru108                 0.028       0.233       0.038       0.049      21.305       0.213       0.000       0.051       0.000       3.421       0.000       0.000
   365    12    31  2023     109       0  hru109                 0.001       0.008       0.001       0.400      30.484       0.010       0.000       0.001       0.000       2.421       0.000       0.000
   365    12    31  2023     110       0  hru110                 0.001       0.007       0.001       0.014       6.162       0.001       0.000       0.000       0.000       1.916       0.000       0.000
   365    12    31  2023     111       0  hru111                 0.005       0.028       0.003       0.030       8.693       0.013       0.000       0.002       0.000       3.236       0.000       0.000
   365    12    31  2023     112       0  hru112                 0.020       0.296       0.050       0.255       5.720       1.204       0.000       0.076       0.000       3.256       0.000       0.000
   365    12    31  2023     113       0  hru113                 0.000       0.000       0.000       0.000       5.430       0.000       0.000       0.000       0.000       1.107       0.000       0.000
   365    12    31  2023     114       0  hru114                 0.000       0.001       0.000       0.003     139.167       0.000       0.000       0.000       0.000       2.847       0.000       0.000
   365    12    31  2023     115       0  hru115                 0.023       0.145       0.017       0.085       1.092       0.032       0.000       0.010       0.000       3.033       0.000       0.000
   365    12    31  2023     116       0  hru116                 0.000       0.000       0.000       0.000       9.141       0.000       0.000       0.000       0.000       1.725       0.000       0.000
   365    12    31  2023     117       0  hru117                 0.000       0.000       0.000       0.000       6.449       0.000       0.000       0.000       0.000       1.146       0.000       0.000
   365    12    31  2023     118       0  hru118                 0.000       0.000       0.000       0.000       6.504       0.000       0.000       0.000       0.000       1.165       0.000       0.000
   365    12    31  2023     119       0  hru119                 0.125       0.786       0.090       0.238       2.560       0.088       0.000       0.065       0.000       2.456       0.000       0.000
   365    12    31  2023     120       0  hru120                 0.000       0.011       0.001       0.005       1.802       0.001       0.000       0.000       0.000       3.335       0.000       0.000
   365    12    31  2023     121       0  hru121                 0.019       0.191       0.032       0.061      15.104       0.370       0.000       0.048       0.000       3.728       0.000       0.000
   365    12    31  2023     122       0  hru122                 0.009       0.066       0.009       0.666      56.079       0.108       0.000       0.012       0.000       3.938       0.000       0.000
   365    12    31  2023     123       0  hru123                 0.000       0.000       0.000       0.000      27.753       0.000       0.000       0.000       0.000       2.130       0.000       0.000
   365    12    31  2023     124       0  hru124                 0.002       0.017       0.002       0.012      41.290       0.019       0.000       0.003       0.000       2.456       0.000       0.000
   365    12    31  2023     125       0  hru125                 0.199       1.304       0.156       0.584       0.767       0.356       0.000       0.102       0.000       2.868       0.000       0.000
   365    12    31  2023     126       0  hru126                 0.002       0.009       0.001       0.022       8.447       0.007       0.000       0.001       0.000       2.640       0.000       0.000
   365    12    31  2023     127       0  hru127                 0.476       3.029       0.360       0.799       0.618       0.711       0.000       0.220       0.000       3.116       0.000       0.000
   365    12    31  2023     128       0  hru128                 0.126       0.666       0.081       0.034       2.126       0.042       0.000       0.056       0.000       2.499       0.000       0.000
   365    12    31  2023     129       0  hru129                 0.023       0.142       0.017       0.403       0.320       0.135       0.000       0.013       0.000       2.531       0.000       0.000
   365    12    31  2023     130       0  hru130                 0.012       0.071       0.009       0.037       2.766       0.040       0.000       0.006       0.000       2.858       0.000       0.000
   365    12    31  2023     131       0  hru131                 0.016       0.095       0.012       0.062       0.711       0.031       0.000       0.007       0.000       2.698       0.000       0.000
   365    12    31  2023     132       0  hru132                 0.048       0.331       0.039       0.509       0.638       0.314       0.000       0.031       0.000       2.633       0.000       0.000
   365    12    31  2023     133       0  hru133                 0.000       0.000       0.000       0.000     157.151       0.000       0.000       0.000       0.000       2.024       0.000       0.000
   365    12    31  2023     134       0  hru134                 0.036       0.392       0.060       0.404       6.653       0.628       0.000       0.079       0.000       3.073       0.000       0.000
   365    12    31  2023     135       0  hru135                 0.001       0.006       0.001       0.087      45.377       0.011       0.000       0.000       0.000       2.954       0.000       0.000
   365    12    31  2023     136       0  hru136                 0.086       3.517       0.431       2.640       4.747       0.413       0.000       0.017       0.000      10.393       0.000       0.000
   365    12    31  2023     137       0  hru137                 0.071       0.529       0.055       0.238      24.725       0.212       0.000       0.043       0.000       5.103       0.000       0.000
   365    12    31  2023     138       0  hru138                 0.018       0.110       0.012       0.433       1.308       0.226       0.000       0.010       0.000       3.386       0.000       0.000
   365    12    31  2023     139       0  hru139                 0.000       0.000       0.000       0.000      13.205       0.000       0.000       0.000       0.000       1.639       0.000       0.000
   365    12    31  2023     140       0  hru140                 0.000       0.000       0.000       0.000      13.186       0.000       0.000       0.000       0.000       1.787       0.000       0.000
   365    12    31  2023     141       0  hru141                 0.003       0.021       0.002       0.044       3.401       0.036       0.000       0.002       0.000       3.209       0.000       0.000
   365    12    31  2023     142       0  hru142                 0.000       0.000       0.000       0.000       5.150       0.000       0.000       0.000       0.000       0.977       0.000       0.000
   365    12    31  2023     143       0  hru143                 0.018       0.118       0.013       0.096       7.678       0.063       0.000       0.009       0.000       4.309       0.000       0.000
   365    12    31  2023     144       0  hru144                 0.006       0.037       0.004       0.079       0.859       0.047       0.000       0.003       0.000       3.031       0.000       0.000
   365    12    31  2023     145       0  hru145                 0.001       0.007       0.001       0.024       2.454       0.012       0.000       0.001       0.000       2.406       0.000       0.000
   365    12    31  2023     146       0  hru146                 0.043       0.275       0.033       0.378       1.637       0.200       0.000       0.029       0.000       4.506       0.000       0.000
   365    12    31  2023     147       0  hru147                 0.147       0.904       0.108       1.213       3.128       0.223       0.000       0.070       0.000       5.207       0.000       0.000
   365    12    31  2023     148       0  hru148                 0.336       1.954       0.234       2.044       1.079       0.219       0.000       0.146       0.000       2.858       0.000       0.000
   365    12    31  2023     149       0  hru149                 0.000       0.001       0.000       0.004       4.313       0.007       0.000       0.000       0.000       1.949       0.000       0.000
   365    12    31  2023     150       0  hru150                 0.001       0.008       0.001       0.019       3.881       0.034       0.000       0.001       0.000       3.954       0.000       0.000
   365    12    31  2023     151       0  hru151                 0.022       0.240       0.038       0.110      13.764       0.634       0.000       0.050       0.000       4.821       0.000       0.000
   365    12    31  2023     152       0  hru152                 0.042       0.357       0.055       0.058      11.388       0.385       0.000       0.075       0.000       3.640       0.000       0.000
   365    12    31  2023     153       0  hru153                 0.026       0.355       0.061       0.475       6.811       1.317       0.000       0.096       0.000       3.372       0.000       0.000
   365    12    31  2023     154       0  hru154                 0.028       0.411       0.071       0.640       7.121       1.516       0.000       0.112       0.000       3.422       0.000       0.000
   365    12    31  2023     155       0  hru155                 0.564       3.672       0.440       1.214       0.694       0.983       0.000       0.298       0.000       3.128       0.000       0.000
   365    12    31  2023     156       0  hru156                 0.000       0.000       0.000       0.000       9.339       0.000       0.000       0.000       0.000       1.197       0.000       0.000
   365    12    31  2023     157       0  hru157                 0.010       0.121       0.020       0.040      16.266       0.280       0.000       0.032       0.000       3.596       0.000       0.000
   365    12    31  2023     158       0  hru158                 0.023       0.207       0.032       0.020      13.889       0.182       0.000       0.043       0.000       3.016       0.000       0.000
   365    12    31  2023     159       0  hru159                 0.209       1.239       0.152       0.606       1.707       0.338       0.000       0.131       0.000       2.599       0.000       0.000
   365    12    31  2023     160       0  hru160                 0.000       0.002       0.000       0.002     131.330       0.009       0.000       0.001       0.000       2.522       0.000       0.000
   365    12    31  2023     161       0  hru161                 0.004       0.033       0.006       0.010     222.981       0.179       0.000       0.014       0.000       4.668       0.000       0.000
   365    12    31  2023     162       0  hru162                 0.019       0.155       0.022       0.164      17.539       0.436       0.000       0.030       0.000       5.592       0.000       0.000
   365    12    31  2023     163       0  hru163                 0.000       0.000       0.000       0.000       2.531       0.000       0.000       0.000       0.000       1.770       0.000       0.000
   365    12    31  2023     164       0  hru164                 0.000       0.000       0.000       0.000       2.959       0.000       0.000       0.000       0.000       1.439       0.000       0.000
   365    12    31  2023     165       0  hru165                 0.000       0.000       0.000       0.064       6.690       0.082       0.000       0.000       0.000       4.265       0.000       0.000
   365    12    31  2023     166       0  hru166                 0.000       0.000       0.000       0.980       7.210       1.100       0.000       0.000       0.000       7.443       0.000       0.000
   365    12    31  2023     167       0  hru167                 0.000       0.000       0.000       0.005       3.975       0.005       0.000       0.000       0.000       2.278       0.000       0.000
   365    12    31  2023     168       0  hru168                 0.000       0.000       0.000       0.022       1.312       0.004       0.000       0.000       0.000       2.144       0.000       0.000
   365    12    31  2023     169       0  hru169                 0.000       0.000       0.000       0.071       2.375       0.037       0.000       0.000       0.000       3.099       0.000       0.000
   365    12    31  2023     170       0  hru170                 0.000       0.000       0.000       0.000       3.172       0.000       0.000       0.000       0.000       1.110       0.000       0.000
   365    12    31  2023     171       0  hru171                 0.000       0.000       0.000       0.000       3.888       0.000       0.000       0.000       0.000       2.468       0.000       0.000
   365    12    31  2023     172       0  hru172                 0.004       0.015       0.002       0.027       6.278       0.045       0.000       0.002       0.000       4.784       0.000       0.000
   365    12    31  2023     173       0  hru173                 0.001       0.005       0.001       0.016       1.885       0.005       0.000       0.000       0.000       2.198       0.000       0.000
   365    12    31  2023     174       0  hru174                 0.001       0.006       0.001       0.068      13.744       0.006       0.000       0.000       0.000       2.373       0.000       0.000
   365    12    31  2023     175       0  hru175                 0.001       0.005       0.001       0.014      49.467       0.043       0.000       0.001       0.000       3.597       0.000       0.000
   365    12    31  2023     176       0  hru176                 0.000       0.001       0.000       0.006      69.019       0.014       0.000       0.000       0.000       4.552       0.000       0.000
   365    12    31  2023     177       0  hru177                 0.000       0.000       0.000       0.021       1.775       0.004       0.000       0.000       0.000       2.090       0.000       0.000
   365    12    31  2023     178       0  hru178                 0.000       0.000       0.000       0.024       1.182       0.004       0.000       0.000       0.000       2.191       0.000       0.000
   365    12    31  2023     179       0  hru179                 0.000       0.000       0.000       0.000       1.537       0.000       0.000       0.000       0.000       1.381       0.000       0.000
   365    12    31  2023     180       0  hru180                 0.000       0.000       0.000       0.000      17.869       0.000       0.000       0.000       0.000       1.867       0.000       0.000
   365    12    31  2023     181       0  hru181                 0.006       0.044       0.007       0.022      46.829       0.063       0.000       0.008       0.000       3.356       0.000       0.000
   365    12    31  2023     182       0  hru182                 0.000       0.000       0.000       0.000      48.459       0.000       0.000       0.000       0.000       1.780       0.000       0.000
   365    12    31  2023     183       0  hru183                 0.000       0.000       0.000       0.000       5.142       0.000       0.000       0.000       0.000       1.295       0.000       0.000
   365    12    31  2023     184       0  hru184                 0.407       2.626       0.305       3.089       1.255       0.553       0.000       0.278       0.000       2.429       0.000       0.000
   365    12    31  2023     185       0  hru185                 0.006       0.038       0.005       0.799       0.844       0.036       0.000       0.004       0.000       2.388       0.000       0.000
   365    12    31  2023     186       0  hru186                 0.166       1.123       0.127       0.880       1.015       0.614       0.000       0.093       0.000       2.981       0.000       0.000
   365    12    31  2023     187       0  hru187                 0.017       0.110       0.012       0.576       0.604       0.099       0.000       0.008       0.000       2.560       0.000       0.000
   365    12    31  2023     188       0  hru188                 0.073       0.456       0.055       0.217       0.497       0.220       0.000       0.038       0.000       2.820       0.000       0.000
   365    12    31  2023     189       0  hru189                 0.287       1.853       0.222       0.321       0.888       0.578       0.000       0.166       0.000       2.895       0.000       0.000
   365    12    31  2023     190       0  hru190                 0.011       0.075       0.008       0.279       8.748       0.028       0.000       0.005       0.000       2.729       0.000       0.000
   365    12    31  2023     191       0  hru191                 0.369       2.138       0.252       2.092       1.135       0.638       0.000       0.212       0.000       2.862       0.000       0.000
   365    12    31  2023     192       0  hru192                 0.445       2.561       0.308       0.671       1.769       0.471       0.000       0.256       0.000       2.576       0.000       0.000
   365    12    31  2023     193       0  hru193                 0.005       0.030       0.003       0.114       1.024       0.097       0.000       0.003       0.000       3.802       0.000       0.000
   365    12    31  2023     194       0  hru194                 0.027       0.189       0.021       0.136       2.753       0.072       0.000       0.015       0.000       2.949       0.000       0.000
   365    12    31  2023     195       0  hru195                 0.014       0.092       0.011       0.287       0.444       0.146       0.000       0.009       0.000       2.424       0.000       0.000
   365    12    31  2023     196       0  hru196                 0.053       0.318       0.038       0.354       1.002       0.125       0.000       0.028       0.000       2.300       0.000       0.000
   365    12    31  2023     197       0  hru197                 0.000       0.000       0.000       0.000       2.423       0.000       0.000       0.000       0.000       0.845       0.000       0.000
   365    12    31  2023     198       0  hru198                 0.003       0.015       0.002       0.016       9.923       0.035       0.000       0.002       0.000       2.788       0.000       0.000
   365    12    31  2023     199       0  hru199                 0.046       0.432       0.066       0.526       5.848       2.001       0.000       0.122       0.000       3.281       0.000       0.000
   365    12    31  2023     200       0  hru200                 0.026       0.249       0.038       0.405       4.962       1.346       0.000       0.070       0.000       3.015       0.000       0.000
   365    12    31  2023     201       0  hru201                 0.000       0.000       0.000       0.000      62.729       0.000       0.000       0.000       0.000       1.554       0.000       0.000
   365    12    31  2023     202       0  hru202                 0.026       0.151       0.018       0.039       2.501       0.007       0.000       0.010       0.000       2.175       0.000       0.000
   365    12    31  2023     203       0  hru203                 0.000       0.000       0.000       0.000       5.383       0.000       0.000       0.000       0.000       0.938       0.000       0.000
   365    12    31  2023     204       0  hru204                 0.069       0.424       0.050       0.505       1.387       0.071       0.000       0.032       0.000       1.735       0.000       0.000
   365    12    31  2023     205       0  hru205                 0.001       0.003       0.000       0.005      10.187       0.004       0.000       0.000       0.000       1.750       0.000       0.000
   365    12    31  2023     206       0  hru206                 0.007       0.040       0.005       0.095       1.712       0.101       0.000       0.004       0.000       3.847       0.000       0.000
   365    12    31  2023     207       0  hru207                 0.013       0.105       0.018       0.014      61.914       0.308       0.000       0.030       0.000       3.664       0.000       0.000
   365    12    31  2023     208       0  hru208                 0.009       0.058       0.007       0.068       5.488       0.019       0.000       0.004       0.000       3.848       0.000       0.000
   365    12    31  2023     209       0  hru209                 0.014       0.125       0.014       0.095       1.332       0.013       0.000       0.007       0.000       2.827       0.000       0.000
   365    12    31  2023     210       0  hru210                 0.046       0.290       0.034       0.162       1.530       0.059       0.000       0.020       0.000       3.408       0.000       0.000
   365    12    31  2023     211       0  hru211                 0.027       0.190       0.023       0.119       0.495       0.053       0.000       0.014       0.000       2.972       0.000       0.000
   365    12    31  2023     212       0  hru212                 0.001       0.006       0.001       0.036      42.915       0.006       0.000       0.000       0.000       2.378       0.000       0.000
   365    12    31  2023     213       0  hru213                 0.022       0.133       0.016       0.339       0.469       0.142       0.000       0.014       0.000       2.360       0.000       0.000
   365    12    31  2023     214       0  hru214                 0.007       0.041       0.005       0.052       0.962       0.014       0.000       0.003       0.000       2.481       0.000       0.000
   365    12    31  2023     215       0  hru215                 0.005       0.033       0.004       0.050       0.786       0.014       0.000       0.002       0.000       2.472       0.000       0.000
   365    12    31  2023     216       0  hru216                 0.013       0.081       0.010       0.049       7.423       0.039       0.000       0.008       0.000       2.861       0.000       0.000
   365    12    31  2023     217       0  hru217                 0.033       0.218       0.026       0.139       1.290       0.042       0.000       0.014       0.000       2.149       0.000       0.000
   365    12    31  2023     218       0  hru218                 0.017       0.096       0.011       0.042       2.152       0.026       0.000       0.009       0.000       2.229       0.000       0.000
   365    12    31  2023     219       0  hru219                 0.008       0.048       0.006       0.049       0.594       0.032       0.000       0.004       0.000       2.716       0.000       0.000
   365    12    31  2023     220       0  hru220                 0.038       0.243       0.029       0.226       0.533       0.255       0.000       0.027       0.000       2.499       0.000       0.000
   365    12    31  2023     221       0  hru221                 0.000       0.000       0.000       0.001       1.192       0.001       0.000       0.000       0.000       2.456       0.000       0.000
   365    12    31  2023     222       0  hru222                 0.442       2.843       0.346      24.672       4.898       6.797       0.000       0.273       0.000      10.147       0.000       0.000
   365    12    31  2023     223       0  hru223                 0.015       0.145       0.024       0.057      12.975       0.321       0.000       0.037       0.000       3.733       0.000       0.000
   365    12    31  2023     224       0  hru224                 0.000       0.000       0.000       0.000      59.820       0.000       0.000       0.000       0.000       1.399       0.000       0.000
   365    12    31  2023     225       0  hru225                 0.007       0.042       0.005       0.010      43.936       0.021       0.000       0.006       0.000       1.715       0.000       0.000
   365    12    31  2023     226       0  hru226                 0.140       0.895       0.118       0.234       8.738       0.290       0.000       0.136       0.000       2.628       0.000       0.000
   365    12    31  2023     227       0  hru227                 0.010       0.053       0.007       0.019       7.981       0.015       0.000       0.006       0.000       1.719       0.000       0.000
   365    12    31  2023     228       0  hru228                 0.024       0.179       0.028       0.042      10.984       0.201       0.000       0.039       0.000       3.348       0.000       0.000
   365    12    31  2023     229       0  hru229                 0.000       0.000       0.000       0.000      40.377       0.000       0.000       0.000       0.000       1.742       0.000       0.000
   365    12    31  2023     230       0  hru230                 0.001       0.006       0.001       0.343       3.583       0.008       0.000       0.001       0.000       1.751       0.000       0.000
   365    12    31  2023     231       0  hru231                 0.050       0.472       0.074       0.112      11.717       0.517       0.000       0.098       0.000       3.794       0.000       0.000
   365    12    31  2023     232       0  hru232                 0.000       0.000       0.000       0.000       7.246       0.000       0.000       0.000       0.000       1.056       0.000       0.000
   365    12    31  2023     233       0  hru233                 0.000       0.000       0.000       0.000       7.063       0.000       0.000       0.000       0.000       1.120       0.000       0.000
   365    12    31  2023     234       0  hru234                 0.000       0.000       0.000       0.000     114.850       0.000       0.000       0.000       0.000       1.255       0.000       0.000
   365    12    31  2023     235       0  hru235                 0.270       1.544       0.187       0.669       2.040       0.300       0.000       0.158       0.000       2.633       0.000       0.000
   365    12    31  2023     236       0  hru236                 0.055       0.336       0.041       0.185       0.937       0.120       0.000       0.038       0.000       2.092       0.000       0.000
   365    12    31  2023     237       0  hru237                 0.000       0.000       0.000       0.000      59.003       0.000       0.000       0.000       0.000       1.375       0.000       0.000
   365    12    31  2023     238       0  hru238                 0.043       0.261       0.031       0.414       0.948       0.181       0.000       0.033       0.000       2.298       0.000       0.000
   365    12    31  2023     239       0  hru239                 0.000       0.002       0.000       0.041       3.811       0.009       0.000       0.000       0.000       2.952       0.000       0.000
   365    12    31  2023     240       0  hru240                 0.087       1.009       0.102       0.409      14.898       0.353       0.000       0.072       0.000       5.053       0.000       0.000
   365    12    31  2023     241       0  hru241                 0.000       0.000       0.000       0.000       4.513       0.000       0.000       0.000       0.000       1.331       0.000       0.000
   365    12    31  2023     242       0  hru242                 0.000       0.000       0.000       0.000       2.964       0.000       0.000       0.000       0.000       1.654       0.000       0.000
   365    12    31  2023     243       0  hru243                 0.000       0.000       0.000       0.011       2.170       0.002       0.000       0.000       0.000       1.960       0.000       0.000
   365    12    31  2023     244       0  hru244                 0.000       0.000       0.000       0.000       3.261       0.000       0.000       0.000       0.000       1.431       0.000       0.000
   365    12    31  2023     245       0  hru245                 0.000       0.000       0.000       0.000       4.523       0.000       0.000       0.000       0.000       0.881       0.000       0.000
   365    12    31  2023     246       0  hru246                 0.022       0.132       0.015       0.073       0.369       0.035       0.000       0.010       0.000       4.175       0.000       0.000
   365    12    31  2023     247       0  hru247                 0.140       1.324       0.203       0.286      13.766       0.773       0.000       0.274       0.000       3.038       0.000       0.000
   365    12    31  2023     248       0  hru248                 0.023       0.293       0.045       0.506       4.856       0.792       0.000       0.060       0.000       3.234       0.000       0.000
   365    12    31  2023     249       0  hru249                 0.025       0.263       0.041       0.500       4.349       0.721       0.000       0.055       0.000       3.209       0.000       0.000
   365    12    31  2023     250       0  hru250                 0.047       0.346       0.049       0.269       5.375       0.459       0.000       0.063       0.000       3.004       0.000       0.000
   365    12    31  2023     251       0  hru251                 0.000       0.000       0.000       0.000       4.787       0.000       0.000       0.000       0.000       1.157       0.000       0.000
   365    12    31  2023     252       0  hru252                 0.207       1.857       0.195      14.222       5.754       2.189       0.000       0.079       0.000      12.214       0.000       0.000
   365    12    31  2023     253       0  hru253                 0.000       0.002       0.000       0.002       7.181       0.005       0.000       0.000       0.000       2.726       0.000       0.000
   365    12    31  2023     254       0  hru254                 0.000       0.000       0.000       0.000       6.290       0.000       0.000       0.000       0.000       1.742       0.000       0.000
   365    12    31  2023     255       0  hru255                 0.000       0.000       0.000       0.000       3.560       0.000       0.000       0.000       0.000       1.300       0.000       0.000
   365    12    31  2023     256       0  hru256                 0.016       0.114       0.011       0.226       0.482       0.102       0.000       0.010       0.000       2.296       0.000       0.000
   365    12    31  2023     257       0  hru257                 0.000       0.000       0.000       0.000       4.011       0.000       0.000       0.000       0.000       1.103       0.000       0.000
   365    12    31  2023     258       0  hru258                 0.000       0.000       0.000       0.000       4.657       0.000       0.000       0.000       0.000       2.179       0.000       0.000
   365    12    31  2023     259       0  hru259                 0.015       0.110       0.011       0.227       0.468       0.102       0.000       0.010       0.000       2.303       0.000       0.000
   365    12    31  2023     260       0  hru260                 0.021       0.166       0.016       0.274       0.466       0.175       0.000       0.014       0.000       2.464       0.000       0.000
   365    12    31  2023     261       0  hru261                 0.024       0.197       0.019       0.249       0.673       0.127       0.000       0.017       0.000       2.556       0.000       0.000
   365    12    31  2023     262       0  hru262                 0.000       0.000       0.000       0.000       4.273       0.000       0.000       0.000       0.000       0.987       0.000       0.000
   365    12    31  2023     263       0  hru263                 0.037       0.275       0.027       0.271       0.644       0.162       0.000       0.024       0.000       2.424       0.000       0.000
   365    12    31  2023     264       0  hru264                 0.005       0.064       0.006       0.333       6.529       0.190       0.000       0.005       0.000       6.084       0.000       0.000
   365    12    31  2023     265       0  hru265                 0.000       0.000       0.000       0.000       7.332       0.000       0.000       0.000       0.000       1.108       0.000       0.000
   365    12    31  2023     266       0  hru266                 0.000       0.000       0.000       0.000       4.560       0.000       0.000       0.000       0.000       0.863       0.000       0.000
   365    12    31  2023     267       0  hru267                 0.000       0.000       0.000       0.000       3.710       0.000       0.000       0.000       0.000       1.235       0.000       0.000
   365    12    31  2023     268       0  hru268                 0.000       0.000       0.000       0.000       5.131       0.000       0.000       0.000       0.000       1.123       0.000       0.000
   365    12    31  2023     269       0  hru269                 0.000       0.000       0.000       0.000       5.355       0.000       0.000       0.000       0.000       1.042       0.000       0.000
   365    12    31  2023     270       0  hru270                 0.000       0.000       0.000       0.000       5.972       0.000       0.000       0.000       0.000       0.717       0.000       0.000
   365    12    31  2023     271       0  hru271                 0.001       0.010       0.001       0.117       2.567       0.055       0.000       0.001       0.000       3.292       0.000       0.000
   365    12    31  2023     272       0  hru272                 0.001       0.004       0.000       0.059       2.662       0.014       0.000       0.000       0.000       2.420       0.000       0.000
   365    12    31  2023     273       0  hru273                 0.000       0.003       0.000       0.069       2.460       0.023       0.000       0.000       0.000       3.454       0.000       0.000
   365    12    31  2023     274       0  hru274                 0.145       1.565       0.244       0.855      10.289       1.421       0.000       0.333       0.000       3.208       0.000       0.000
   365    12    31  2023     275       0  hru275                 0.082       0.917       0.142       0.503       7.731       1.262       0.000       0.195       0.000       3.610       0.000       0.000
   365    12    31  2023     276       0  hru276                 0.038       0.352       0.049       0.355       6.050       0.479       0.000       0.063       0.000       3.034       0.000       0.000
   365    12    31  2023     277       0  hru277                 0.055       0.522       0.073       1.201       5.995       0.632       0.000       0.094       0.000       3.132       0.000       0.000
   365    12    31  2023     278       0  hru278                 0.000       0.000       0.000       0.000       5.807       0.000       0.000       0.000       0.286       0.331       0.084       0.000
   365    12    31  2023     279       0  hru279                 0.000       0.000       0.000       0.000       2.066       0.000       0.000       0.000       1.057       0.720       0.374       0.000
   365    12    31  2023     280       0  hru280                 0.000       0.000       0.000       0.000       1.755       0.000       0.000       0.000       0.927       0.707       0.315       0.000
   365    12    31  2023     281       0  hru281                 0.000       0.000       0.000       0.000       2.051       0.000       0.000       0.000       0.067       0.487       0.076       0.000
   365    12    31  2023     282       0  hru282                 0.000       0.000       0.000       0.000       1.342       0.000       0.000       0.000       0.010       0.405       0.014       0.000
   365    12    31  2023     283       0  hru283                 0.000       0.000       0.000       8.651       0.000       1.910       0.000       0.008       0.000       0.001       0.000       0.000
   365    12    31  2023     284       0  hru284                 0.000       0.000       0.000      10.314       0.000       1.317       0.000       0.000       0.000       0.000       0.000       0.000
   365    12    31  2023     285       0  hru285                 0.001       0.000       0.000      10.301       0.000       1.321       0.000       0.000       0.000       0.000       0.000       0.000
   365    12    31  2023     286       0  hru286                 0.001       0.000       0.000      10.202       0.000       1.347       0.000       0.000       0.000       0.000       0.000       0.000
   365    12    31  2023     287       0  hru287                 0.001       0.000       0.000      10.414       0.000       1.361       0.000       0.000       0.000       0.000       0.000       0.000
   365    12    31  2023     288       0  hru288                 0.000       0.000       0.000       0.000       7.147       0.000       0.000       0.000       4.338       0.919       5.406       0.000
   365    12    31  2023     289       0  hru289                 0.000       0.000       0.000       0.000       4.304       0.000       0.000       0.000       2.102       0.613       1.091       0.000
   365    12    31  2023     290       0  hru290                 0.000       0.000       0.000       0.000       2.580       0.000       0.000       0.000       0.406       0.419       0.110       0.000
   365    12    31  2023     291       0  hru291                 0.000       0.000       0.000       0.000       3.172       0.002       0.000       0.000       7.429       1.051       5.055       0.000
   365    12    31  2023     292       0  hru292                 0.000       0.000       0.000       0.000       2.465       0.000       0.000       0.000       0.286       0.391       0.220       0.000
   365    12    31  2023     293       0  hru293                 0.000       0.000       0.000       0.000       1.631       0.000       0.000       0.000       0.231       0.324       0.143       0.000
   365    12    31  2023     294       0  hru294                 0.262       1.768       0.189       0.266       1.105       0.447       0.000       0.127      26.362       0.363       5.149       0.000
   365    12    31  2023     295       0  hru295                 0.896       5.090       0.578       0.113       2.456       0.226       0.000       0.415      15.272       0.332       3.504       0.000
   365    12    31  2023     296       0  hru296                 0.000       0.000       0.000       0.000      13.456       0.000       0.000       0.000      17.200       0.524       4.785       0.000
   365    12    31  2023     297       0  hru297                 0.001       0.006       0.001       0.018       5.325       0.006       0.000       0.001       7.401       0.666       2.710       0.000
   365    12    31  2023     298       0  hru298                 0.000       0.000       0.000       0.000      21.031       0.000       0.000       0.000       8.400       0.302       1.070       0.000
   365    12    31  2023     299       0  hru299                 0.000       0.000       0.000       0.000       3.763       0.000       0.000       0.000       2.172       0.743       4.025       0.000
   365    12    31  2023     300       0  hru300                 0.000       0.000       0.000       0.000       5.902       0.000       0.000       0.000      74.898       0.018       3.217       0.000
   365    12    31  2023     301       0  hru301                 0.000       0.000       0.000       0.000       4.138       0.000       0.000       0.000       3.548       0.377       1.812       0.000
   365    12    31  2023     302       0  hru302                 0.000       0.000       0.000       0.000       2.217       0.000       0.000       0.000       0.446       0.403       0.397       0.000
   365    12    31  2023     303       0  hru303                 0.000       0.000       0.000       0.000      30.851       0.000       0.000       0.000       1.434       0.753       0.579       0.000
   365    12    31  2023     304       0  hru304                 0.000       0.000       0.000       0.000       6.198       0.000       0.000       0.000       0.329       0.340       0.108       0.000
   365    12    31  2023     305       0  hru305                 0.000       0.001       0.000       0.031       0.047       0.005       0.000       0.000       2.133       0.408       1.326       0.000
   365    12    31  2023     306       0  hru306                 0.000       0.004       0.000       0.037       5.336       0.019       0.000       0.000       2.946       0.580       1.559       0.000
   365    12    31  2023     307       0  hru307                 0.213       1.490       0.120       4.568       0.266       2.374       0.000       0.137       8.917       0.681       9.061       0.000
   365    12    31  2023     308       0  hru308                 0.127       0.539       0.045      14.289       0.225       2.291       0.000       0.047       7.558       0.827      10.771       0.000
   365    12    31  2023     309       0  hru309                 0.000       0.000       0.000       0.000       3.596       0.000       0.000       0.000       0.699       0.378       0.241       0.000
   365    12    31  2023     310       0  hru310                 0.003       0.029       0.003       0.091       0.405       0.027       0.000       0.003       3.357       0.427       1.742       0.000
   365    12    31  2023     311       0  hru311                 0.000       0.000       0.000       0.000       4.847       0.000       0.000       0.000       0.483       0.344       0.158       0.000
   365    12    31  2023     312       0  hru312                 0.000       0.001       0.000       0.031       0.139       0.005       0.000       0.000       2.073       0.406       1.274       0.000
   365    12    31  2023     313       0  hru313                 0.000       0.000       0.000       0.000       5.353       0.000       0.000       0.000       0.005       0.139       0.001       0.000
   365    12    31  2023     314       0  hru314                 0.000       0.000       0.000       0.000       1.054       0.000       0.000       0.000      69.170       0.007       2.252       0.000
