 Mini_CREATE               SWAT+ Jan 11 2024        MODULAR Rev 2024.61.0                                 
       year     plant_no   plant_name       harv_area(ha)    yld(t)         yld(t/ha)      
        2004           1 frsd              0.0000000E+00  0.0000000E+00  0.0000000E+00
        2004           2 frse              0.0000000E+00  0.0000000E+00  0.0000000E+00
        2004           3 frst              0.0000000E+00  0.0000000E+00  0.0000000E+00
        2004           4 orcd               1.975940      5.0435465E-02  2.5524784E-02
        2004           5 rnge               16.58698      0.0000000E+00  0.0000000E+00
        2004           6 wetl              0.0000000E+00  0.0000000E+00  0.0000000E+00
        2004           7 fesc               622.0726       388.6925      0.6248347    
        2004           8 lupn               61.88545       61.60006      0.9953884    
        2004           9 clvr               267.1920      0.0000000E+00  0.0000000E+00
        2004          10 oats               261.0549       887.6369       3.400192    
        2004          11 barl               45.86216       160.9394       3.509197    
        2004          12 fpea               27.80220       101.3525       3.645486    
        2004          13 pota               271.1597       1753.010       6.464861    
        2004          14 buck               33.53731       56.04548       1.671138    
        2004          15 wwht               44.79409       89.16553       1.990565    
        2004          16 canp               324.5222       1229.808       3.789597    
        2004          17 rye                153.3569       972.2515       6.339795    
        2004          18 trit               197.7336       1609.079       8.137611    
        2004          19 csil               6.137110       51.15363       8.335132    
        2004          20 lmix              0.0000000E+00  0.0000000E+00  0.0000000E+00
        2005           1 frsd              0.0000000E+00  0.0000000E+00  0.0000000E+00
        2005           2 frse              0.0000000E+00  0.0000000E+00  0.0000000E+00
        2005           3 frst              0.0000000E+00  0.0000000E+00  0.0000000E+00
        2005           4 orcd               1.975940      0.2319191      0.1173715    
        2005           5 rnge               16.58698      0.0000000E+00  0.0000000E+00
        2005           6 wetl              0.0000000E+00  0.0000000E+00  0.0000000E+00
        2005           7 fesc               564.3674       50.73173      8.9891329E-02
        2005           8 lupn               166.7163       193.4608       1.160420    
        2005           9 clvr               105.6332      0.0000000E+00  0.0000000E+00
        2005          10 oats               74.50557       205.3293       2.755892    
        2005          11 barl               36.47241       129.5861       3.552990    
        2005          12 fpea               85.49305       394.8760       4.618808    
        2005          13 pota               256.7287       1341.254       5.224402    
        2005          14 buck               8.182180       8.646318       1.056725    
        2005          15 wwht               406.5341       526.5787       1.295288    
        2005          16 canp               59.04479       279.4779       4.733320    
        2005          17 rye                111.4482       454.5741       4.078793    
        2005          18 trit               215.2103       959.1413       4.456763    
        2005          19 csil               31.12765       264.9897       8.513000    
        2005          20 lmix              0.0000000E+00  0.0000000E+00  0.0000000E+00
        2006           1 frsd              0.0000000E+00  0.0000000E+00  0.0000000E+00
        2006           2 frse              0.0000000E+00  0.0000000E+00  0.0000000E+00
        2006           3 frst              0.0000000E+00  0.0000000E+00  0.0000000E+00
        2006           4 orcd               1.975940      0.3844418      0.1945614    
        2006           5 rnge               16.58698      0.0000000E+00  0.0000000E+00
        2006           6 wetl              0.0000000E+00  0.0000000E+00  0.0000000E+00
        2006           7 fesc               698.8049       231.8511      0.3317823    
        2006           8 lupn               172.3726       142.8052      0.8284681    
        2006           9 clvr               104.4544      0.0000000E+00  0.0000000E+00
        2006          10 oats               95.95759       264.4303       2.755700    
        2006          11 barl               122.1565       494.6705       4.049480    
        2006          12 fpea               73.09444       352.0688       4.816628    
        2006          13 pota               108.4921       440.2673       4.058059    
        2006          14 buck               24.60551       34.34122       1.395672    
        2006          15 wwht               186.2945       113.2272      0.6077862    
        2006          16 canp               405.8141       2201.922       5.425938    
        2006          17 rye                100.6520       475.8784       4.727958    
        2006          18 trit               87.42445       317.5788       3.632609    
        2006          19 csil               8.496810       67.24039       7.913603    
        2006          20 lmix              0.0000000E+00  0.0000000E+00  0.0000000E+00
        2007           1 frsd              0.0000000E+00  0.0000000E+00  0.0000000E+00
        2007           2 frse              0.0000000E+00  0.0000000E+00  0.0000000E+00
        2007           3 frst              0.0000000E+00  0.0000000E+00  0.0000000E+00
        2007           4 orcd               1.975940      0.5214094      0.2638790    
        2007           5 rnge               16.58698      0.0000000E+00  0.0000000E+00
        2007           6 wetl              0.0000000E+00  0.0000000E+00  0.0000000E+00
        2007           7 fesc               964.4236       235.0178      0.2436873    
        2007           8 lupn               197.4042       143.1477      0.7251502    
        2007           9 clvr               165.9538      0.0000000E+00  0.0000000E+00
        2007          10 oats               157.4410       430.3267       2.733257    
        2007          11 barl               154.4239       629.5086       4.076498    
        2007          12 fpea               5.198920      0.1135712      2.1845145E-02
        2007          13 pota               260.0756       1821.384       7.003288    
        2007          14 buck               9.106939       12.95785       1.422855    
        2007          15 wwht               67.65368       262.4993       3.880045    
        2007          16 canp               298.7375       1055.837       3.534329    
        2007          17 rye                68.76181       288.1152       4.190047    
        2007          18 trit               30.39439       153.3601       5.045671    
        2007          19 csil               8.512751       74.87509       8.795639    
        2007          20 lmix              0.0000000E+00  0.0000000E+00  0.0000000E+00
        2008           1 frsd              0.0000000E+00  0.0000000E+00  0.0000000E+00
        2008           2 frse              0.0000000E+00  0.0000000E+00  0.0000000E+00
        2008           3 frst              0.0000000E+00  0.0000000E+00  0.0000000E+00
        2008           4 orcd               1.975940      0.5997509      0.3035268    
        2008           5 rnge               16.58698      0.0000000E+00  0.0000000E+00
        2008           6 wetl              0.0000000E+00  0.0000000E+00  0.0000000E+00
        2008           7 fesc               1064.598       454.7802      0.4271847    
        2008           8 lupn               107.4853       115.4527       1.074126    
        2008           9 clvr               161.5410      0.0000000E+00  0.0000000E+00
        2008          10 oats               141.1176       461.3779       3.269455    
        2008          11 barl               54.54786       201.2042       3.688581    
        2008          12 fpea               115.0552       580.2856       5.043542    
        2008          13 pota               132.7863       1142.854       8.606714    
        2008          14 buck               18.13002       21.68431       1.196045    
        2008          15 wwht               421.5923       986.2057       2.339240    
        2008          16 canp               73.50423       289.1880       3.934304    
        2008          17 rye                38.27672       160.5837       4.195336    
        2008          18 trit               87.85532       431.8750       4.915752    
        2008          19 csil               20.42340       192.7061       9.435552    
        2008          20 lmix              0.0000000E+00  0.0000000E+00  0.0000000E+00
        2009           1 frsd              0.0000000E+00  0.0000000E+00  0.0000000E+00
        2009           2 frse              0.0000000E+00  0.0000000E+00  0.0000000E+00
        2009           3 frst              0.0000000E+00  0.0000000E+00  0.0000000E+00
        2009           4 orcd               1.975940      0.7025300      0.3555420    
        2009           5 rnge               16.58698      0.0000000E+00  0.0000000E+00
        2009           6 wetl              0.0000000E+00  0.0000000E+00  0.0000000E+00
        2009           7 fesc               622.0728       61.95261      9.9590622E-02
        2009           8 lupn               61.88545       51.63382      0.8343450    
        2009           9 clvr               267.1920      0.0000000E+00  0.0000000E+00
        2009          10 oats               261.0549       799.9903       3.064452    
        2009          11 barl               45.86216       168.9458       3.683772    
        2009          12 fpea               27.80220       127.7212       4.593923    
        2009          13 pota               271.1597       1931.912       7.124630    
        2009          14 buck               33.53731       40.48809       1.207255    
        2009          15 wwht               44.79409       126.4821       2.823633    
        2009          16 canp               324.5222       1699.745       5.237684    
        2009          17 rye                153.3569       625.5381       4.078969    
        2009          18 trit               197.7336       962.0562       4.865415    
        2009          19 csil               6.137110       55.21309       8.996592    
        2009          20 lmix              0.0000000E+00  0.0000000E+00  0.0000000E+00
        2010           1 frsd              0.0000000E+00  0.0000000E+00  0.0000000E+00
        2010           2 frse              0.0000000E+00  0.0000000E+00  0.0000000E+00
        2010           3 frst              0.0000000E+00  0.0000000E+00  0.0000000E+00
        2010           4 orcd               1.975940      0.7425335      0.3757873    
        2010           5 rnge               16.58698      0.0000000E+00  0.0000000E+00
        2010           6 wetl              0.0000000E+00  0.0000000E+00  0.0000000E+00
        2010           7 fesc               564.3674       58.18192      0.1030923    
        2010           8 lupn               166.7163       184.3624       1.105846    
        2010           9 clvr               105.6332      0.0000000E+00  0.0000000E+00
        2010          10 oats               74.50557       205.1719       2.753779    
        2010          11 barl               36.47241       123.3284       3.381417    
        2010          12 fpea               85.49306       427.1047       4.995783    
        2010          13 pota               256.7287       1437.992       5.601213    
        2010          14 buck               8.182180       9.298986       1.136492    
        2010          15 wwht               406.5341       698.3261       1.717755    
        2010          16 canp               59.04479       273.2773       4.628304    
        2010          17 rye                111.4482       382.5990       3.432976    
        2010          18 trit               215.2103       1094.137       5.084037    
        2010          19 csil               31.12765       210.4844       6.761975    
        2010          20 lmix              0.0000000E+00  0.0000000E+00  0.0000000E+00
        2011           1 frsd              0.0000000E+00  0.0000000E+00  0.0000000E+00
        2011           2 frse              0.0000000E+00  0.0000000E+00  0.0000000E+00
        2011           3 frst              0.0000000E+00  0.0000000E+00  0.0000000E+00
        2011           4 orcd               1.975940      0.8392308      0.4247246    
        2011           5 rnge               16.58698      0.0000000E+00  0.0000000E+00
        2011           6 wetl              0.0000000E+00  0.0000000E+00  0.0000000E+00
        2011           7 fesc               698.8047       224.9147      0.3218564    
        2011           8 lupn               172.3726       176.0555       1.021366    
        2011           9 clvr               104.4544      0.0000000E+00  0.0000000E+00
        2011          10 oats               95.95760       292.2879       3.046010    
        2011          11 barl               122.1565       497.5824       4.073318    
        2011          12 fpea               73.09444       386.2200       5.283849    
        2011          13 pota               108.4921       906.2817       8.353436    
        2011          14 buck               24.60551       31.51129       1.280660    
        2011          15 wwht               186.2945       482.8055       2.591625    
        2011          16 canp               405.8141       1704.649       4.200566    
        2011          17 rye                100.6520       402.1011       3.994964    
        2011          18 trit               87.42445       390.0134       4.461147    
        2011          19 csil               8.496810       77.45783       9.116106    
        2011          20 lmix              0.0000000E+00  0.0000000E+00  0.0000000E+00
        2012           1 frsd              0.0000000E+00  0.0000000E+00  0.0000000E+00
        2012           2 frse              0.0000000E+00  0.0000000E+00  0.0000000E+00
        2012           3 frst              0.0000000E+00  0.0000000E+00  0.0000000E+00
        2012           4 orcd               1.975940      0.8828999      0.4468250    
        2012           5 rnge               16.58698      0.0000000E+00  0.0000000E+00
        2012           6 wetl              0.0000000E+00  0.0000000E+00  0.0000000E+00
        2012           7 fesc               964.4237       328.3419      0.3404540    
        2012           8 lupn               197.4043       158.2668      0.8017393    
        2012           9 clvr               165.9538      0.0000000E+00  0.0000000E+00
        2012          10 oats               157.4410       480.2725       3.050492    
        2012          11 barl               154.4239       664.8082       4.305086    
        2012          12 fpea               5.198920      0.4532208      8.7175928E-02
        2012          13 pota               260.0756       2080.234       7.998576    
        2012          14 buck               9.106939       13.99550       1.536795    
        2012          15 wwht               67.65368       167.9121       2.481936    
        2012          16 canp               298.7375       1485.031       4.971022    
        2012          17 rye                68.76181       282.9826       4.115404    
        2012          18 trit               30.39439       152.5374       5.018603    
        2012          19 csil               8.512751       78.47018       9.217957    
        2012          20 lmix              0.0000000E+00  0.0000000E+00  0.0000000E+00
        2013           1 frsd              0.0000000E+00  0.0000000E+00  0.0000000E+00
        2013           2 frse              0.0000000E+00  0.0000000E+00  0.0000000E+00
        2013           3 frst              0.0000000E+00  0.0000000E+00  0.0000000E+00
        2013           4 orcd               1.975940      0.9475273      0.4795322    
        2013           5 rnge               16.58698      0.0000000E+00  0.0000000E+00
        2013           6 wetl              0.0000000E+00  0.0000000E+00  0.0000000E+00
        2013           7 fesc               1064.598       483.8593      0.4544995    
        2013           8 lupn               107.4853       98.17903      0.9134184    
        2013           9 clvr               161.5411      0.0000000E+00  0.0000000E+00
        2013          10 oats               141.1176       454.8173       3.222966    
        2013          11 barl               54.54786       230.1799       4.219779    
        2013          12 fpea               115.0552       451.4157       3.923472    
        2013          13 pota               132.7863       896.1762       6.749011    
        2013          14 buck               18.13002       21.56410       1.189414    
        2013          15 wwht               421.5923       704.4221       1.670861    
        2013          16 canp               73.50422       380.7216       5.179589    
        2013          17 rye                38.27672       165.7559       4.330462    
        2013          18 trit               87.85533       433.2209       4.931071    
        2013          19 csil               20.42340       205.6994       10.07175    
        2013          20 lmix              0.0000000E+00  0.0000000E+00  0.0000000E+00
        2014           1 frsd              0.0000000E+00  0.0000000E+00  0.0000000E+00
        2014           2 frse              0.0000000E+00  0.0000000E+00  0.0000000E+00
        2014           3 frst              0.0000000E+00  0.0000000E+00  0.0000000E+00
        2014           4 orcd               1.975940      0.9883684      0.5002014    
        2014           5 rnge               16.58698      0.0000000E+00  0.0000000E+00
        2014           6 wetl              0.0000000E+00  0.0000000E+00  0.0000000E+00
        2014           7 fesc               622.0728       68.95528      0.1108476    
        2014           8 lupn               61.88545       59.13771      0.9555996    
        2014           9 clvr               267.1920      0.0000000E+00  0.0000000E+00
        2014          10 oats               261.0549       679.7059       2.603689    
        2014          11 barl               45.86216       221.9888       4.840348    
        2014          12 fpea               27.80220       161.6991       5.816052    
        2014          13 pota               271.1597       1658.846       6.117598    
        2014          14 buck               33.53731       43.18288       1.287607    
        2014          15 wwht               44.79409       149.5890       3.339480    
        2014          16 canp               324.5222       1525.021       4.699280    
        2014          17 rye                153.3569       679.4294       4.430379    
        2014          18 trit               197.7336       913.2969       4.618824    
        2014          19 csil               6.137110       58.46756       9.526886    
        2014          20 lmix              0.0000000E+00  0.0000000E+00  0.0000000E+00
        2015           1 frsd              0.0000000E+00  0.0000000E+00  0.0000000E+00
        2015           2 frse              0.0000000E+00  0.0000000E+00  0.0000000E+00
        2015           3 frst              0.0000000E+00  0.0000000E+00  0.0000000E+00
        2015           4 orcd               1.975940       1.013992      0.5131691    
        2015           5 rnge               16.58698      0.0000000E+00  0.0000000E+00
        2015           6 wetl              0.0000000E+00  0.0000000E+00  0.0000000E+00
        2015           7 fesc               564.3674       96.61742      0.1711960    
        2015           8 lupn               166.7163       181.1347       1.086485    
        2015           9 clvr               105.6332      0.0000000E+00  0.0000000E+00
        2015          10 oats               74.50558       224.1614       3.008652    
        2015          11 barl               36.47241       139.1259       3.814551    
        2015          12 fpea               85.49305       357.1341       4.177346    
        2015          13 pota               256.7287       1987.515       7.741695    
        2015          14 buck               8.182180       10.01047       1.223448    
        2015          15 wwht               406.5341       978.3898       2.406662    
        2015          16 canp               59.04478       342.1790       5.795246    
        2015          17 rye                111.4482       426.8643       3.830159    
        2015          18 trit               215.2103       1198.392       5.568470    
        2015          19 csil               31.12765       208.4274       6.695894    
        2015          20 lmix              0.0000000E+00  0.0000000E+00  0.0000000E+00
        2016           1 frsd              0.0000000E+00  0.0000000E+00  0.0000000E+00
        2016           2 frse              0.0000000E+00  0.0000000E+00  0.0000000E+00
        2016           3 frst              0.0000000E+00  0.0000000E+00  0.0000000E+00
        2016           4 orcd               1.975940       1.035148      0.5238761    
        2016           5 rnge               16.58698      0.0000000E+00  0.0000000E+00
        2016           6 wetl              0.0000000E+00  0.0000000E+00  0.0000000E+00
        2016           7 fesc               698.8047       262.0770      0.3750361    
        2016           8 lupn               172.3726       155.2419      0.9006178    
        2016           9 clvr               104.4544      0.0000000E+00  0.0000000E+00
        2016          10 oats               95.95760       287.2211       2.993209    
        2016          11 barl               122.1565       493.8617       4.042860    
        2016          12 fpea               73.09443       395.7348       5.414021    
        2016          13 pota               108.4921       853.6558       7.868370    
        2016          14 buck               24.60551       37.94871       1.542285    
        2016          15 wwht               186.2945       631.6124       3.390398    
        2016          16 canp               405.8141       2004.491       4.939433    
        2016          17 rye                100.6520       463.2300       4.602293    
        2016          18 trit               87.42446       407.1621       4.657302    
        2016          19 csil               8.496810       78.57236       9.247276    
        2016          20 lmix              0.0000000E+00  0.0000000E+00  0.0000000E+00
        2017           1 frsd              0.0000000E+00  0.0000000E+00  0.0000000E+00
        2017           2 frse              0.0000000E+00  0.0000000E+00  0.0000000E+00
        2017           3 frst              0.0000000E+00  0.0000000E+00  0.0000000E+00
        2017           4 orcd               1.975940       1.035086      0.5238444    
        2017           5 rnge               16.58698      0.0000000E+00  0.0000000E+00
        2017           6 wetl              0.0000000E+00  0.0000000E+00  0.0000000E+00
        2017           7 fesc               964.4238       332.0305      0.3442786    
        2017           8 lupn               197.4043       187.8127      0.9514113    
        2017           9 clvr               165.9537      0.0000000E+00  0.0000000E+00
        2017          10 oats               157.4410       495.2959       3.145915    
        2017          11 barl               154.4239       529.8835       3.431357    
        2017          12 fpea               5.198920      0.2484904      4.7796533E-02
        2017          13 pota               260.0756       2233.952       8.589624    
        2017          14 buck               9.106939       14.23833       1.563460    
        2017          15 wwht               67.65368       177.7240       2.626966    
        2017          16 canp               298.7375       1454.993       4.870472    
        2017          17 rye                68.76181       276.8121       4.025666    
        2017          18 trit               30.39439       150.4516       4.949979    
        2017          19 csil               8.512751       82.97634       9.747300    
        2017          20 lmix              0.0000000E+00  0.0000000E+00  0.0000000E+00
        2018           1 frsd              0.0000000E+00  0.0000000E+00  0.0000000E+00
        2018           2 frse              0.0000000E+00  0.0000000E+00  0.0000000E+00
        2018           3 frst              0.0000000E+00  0.0000000E+00  0.0000000E+00
        2018           4 orcd               1.975940       1.099818      0.5566047    
        2018           5 rnge               16.58698      0.0000000E+00  0.0000000E+00
        2018           6 wetl              0.0000000E+00  0.0000000E+00  0.0000000E+00
        2018           7 fesc               1064.598       391.5052      0.3677492    
        2018           8 lupn               107.4853       98.07390      0.9124403    
        2018           9 clvr               161.5410      0.0000000E+00  0.0000000E+00
        2018          10 oats               141.1176       442.7009       3.137105    
        2018          11 barl               54.54786       233.9359       4.288635    
        2018          12 fpea               115.0552       326.9101       2.841333    
        2018          13 pota               132.7863       682.5441       5.140170    
        2018          14 buck               18.13002       23.09107       1.273637    
        2018          15 wwht               421.5923       1201.505       2.849923    
        2018          16 canp               73.50423       197.4752       2.686583    
        2018          17 rye                38.27672       156.1913       4.080582    
        2018          18 trit               87.85532       337.4411       3.840873    
        2018          19 csil               20.42340       206.7797       10.12465    
        2018          20 lmix              0.0000000E+00  0.0000000E+00  0.0000000E+00
        2019           1 frsd              0.0000000E+00  0.0000000E+00  0.0000000E+00
        2019           2 frse              0.0000000E+00  0.0000000E+00  0.0000000E+00
        2019           3 frst              0.0000000E+00  0.0000000E+00  0.0000000E+00
        2019           4 orcd               1.975940      6.3627899E-02  3.2201316E-02
        2019           5 rnge               16.58698      0.0000000E+00  0.0000000E+00
        2019           6 wetl              0.0000000E+00  0.0000000E+00  0.0000000E+00
        2019           7 fesc               622.0726       65.32950      0.1050191    
        2019           8 lupn               61.88545       45.85272      0.7409289    
        2019           9 clvr               267.1920      0.0000000E+00  0.0000000E+00
        2019          10 oats               261.0549       637.3492       2.441437    
        2019          11 barl               45.86216       217.5072       4.742629    
        2019          12 fpea               27.80220       158.8185       5.712443    
        2019          13 pota               271.1597       1798.483       6.632560    
        2019          14 buck               33.53731       43.50062       1.297081    
        2019          15 wwht               44.79409       124.3398       2.775809    
        2019          16 canp               324.5222       785.7219       2.421166    
        2019          17 rye                153.3569       622.0032       4.055919    
        2019          18 trit               197.7336       705.6867       3.568875    
        2019          19 csil               6.137110       60.91643       9.925913    
        2019          20 lmix              0.0000000E+00  0.0000000E+00  0.0000000E+00
        2020           1 frsd              0.0000000E+00  0.0000000E+00  0.0000000E+00
        2020           2 frse              0.0000000E+00  0.0000000E+00  0.0000000E+00
        2020           3 frst              0.0000000E+00  0.0000000E+00  0.0000000E+00
        2020           4 orcd               1.975940      0.2714076      0.1373561    
        2020           5 rnge               16.58698      0.0000000E+00  0.0000000E+00
        2020           6 wetl              0.0000000E+00  0.0000000E+00  0.0000000E+00
        2020           7 fesc               564.3675       38.96996      6.9050685E-02
        2020           8 lupn               166.7163       143.0701      0.8581648    
        2020           9 clvr               105.6332      0.0000000E+00  0.0000000E+00
        2020          10 oats               74.50557       208.0858       2.792889    
        2020          11 barl               36.47241       167.9564       4.605027    
        2020          12 fpea               85.49304       378.4308       4.426452    
        2020          13 pota               256.7287       1544.052       6.014333    
        2020          14 buck               8.182180       9.953633       1.216501    
        2020          15 wwht               406.5341       1382.438       3.400547    
        2020          16 canp               59.04479       311.1317       5.269419    
        2020          17 rye                111.4482       477.5058       4.284554    
        2020          18 trit               215.2103       1154.983       5.366767    
        2020          19 csil               31.12765       248.4598       7.981966    
        2020          20 lmix              0.0000000E+00  0.0000000E+00  0.0000000E+00
        2021           1 frsd              0.0000000E+00  0.0000000E+00  0.0000000E+00
        2021           2 frse              0.0000000E+00  0.0000000E+00  0.0000000E+00
        2021           3 frst              0.0000000E+00  0.0000000E+00  0.0000000E+00
        2021           4 orcd               1.975940      0.4408423      0.2231050    
        2021           5 rnge               16.58698      0.0000000E+00  0.0000000E+00
        2021           6 wetl              0.0000000E+00  0.0000000E+00  0.0000000E+00
        2021           7 fesc               698.8047       273.5155      0.3914047    
        2021           8 lupn               172.3726       100.6360      0.5838280    
        2021           9 clvr               104.4544      0.0000000E+00  0.0000000E+00
        2021          10 oats               95.95761       249.5397       2.600520    
        2021          11 barl               122.1565       452.1237       3.701183    
        2021          12 fpea               73.09443       360.7184       4.934965    
        2021          13 pota               108.4921       580.5936       5.351483    
        2021          14 buck               24.60551       36.54152       1.485095    
        2021          15 wwht               186.2945       371.7448       1.995469    
        2021          16 canp               405.8141       997.5041       2.458032    
        2021          17 rye                100.6520       449.8559       4.469419    
        2021          18 trit               87.42446       338.3689       3.870415    
        2021          19 csil               8.496810       69.62787       8.194589    
        2021          20 lmix              0.0000000E+00  0.0000000E+00  0.0000000E+00
        2022           1 frsd              0.0000000E+00  0.0000000E+00  0.0000000E+00
        2022           2 frse              0.0000000E+00  0.0000000E+00  0.0000000E+00
        2022           3 frst              0.0000000E+00  0.0000000E+00  0.0000000E+00
        2022           4 orcd               1.975940      0.5386808      0.2726199    
        2022           5 rnge               16.58698      0.0000000E+00  0.0000000E+00
        2022           6 wetl              0.0000000E+00  0.0000000E+00  0.0000000E+00
        2022           7 fesc               964.4237       380.2921      0.3943206    
        2022           8 lupn               197.4043       163.8378      0.8299609    
        2022           9 clvr               165.9538      0.0000000E+00  0.0000000E+00
        2022          10 oats               157.4410       447.5731       2.842799    
        2022          11 barl               154.4239       655.1263       4.242390    
        2022          12 fpea               5.198920       2.036921      0.3917969    
        2022          13 pota               260.0756       1556.996       5.986703    
        2022          14 buck               9.106939       14.82042       1.627376    
        2022          15 wwht               67.65368       170.5529       2.520970    
        2022          16 canp               298.7375       1369.555       4.584476    
        2022          17 rye                68.76181       278.2629       4.046765    
        2022          18 trit               30.39439       148.4318       4.883525    
        2022          19 csil               8.512751       81.72200       9.599951    
        2022          20 lmix              0.0000000E+00  0.0000000E+00  0.0000000E+00
        2023           1 frsd              0.0000000E+00  0.0000000E+00  0.0000000E+00
        2023           2 frse              0.0000000E+00  0.0000000E+00  0.0000000E+00
        2023           3 frst              0.0000000E+00  0.0000000E+00  0.0000000E+00
        2023           4 orcd               1.975940      0.6470184      0.3274483    
        2023           5 rnge               16.58698      0.0000000E+00  0.0000000E+00
        2023           6 wetl              0.0000000E+00  0.0000000E+00  0.0000000E+00
        2023           7 fesc               1064.598       575.7674      0.5408307    
        2023           8 lupn               107.4853       103.7175      0.9649463    
        2023           9 clvr               161.5410      0.0000000E+00  0.0000000E+00
        2023          10 oats               141.1177       456.9516       3.238089    
        2023          11 barl               54.54786       194.0425       3.557290    
        2023          12 fpea               115.0552       364.8252       3.170872    
        2023          13 pota               132.7863       750.2999       5.650432    
        2023          14 buck               18.13002       27.69522       1.527589    
        2023          15 wwht               421.5923       814.4258       1.931786    
        2023          16 canp               73.50422       223.8196       3.044989    
        2023          17 rye                38.27672       169.6655       4.432604    
        2023          18 trit               87.85532       351.0057       3.995270    
        2023          19 csil               20.42340       191.0782       9.355845    
        2023          20 lmix              0.0000000E+00  0.0000000E+00  0.0000000E+00
