 Mini_CREATE               SWAT+ Jan 11 2024        MODULAR Rev 2024.61.0                                 
       year     plant_no   plant_name       harv_area(ha)    yld(t)         yld(t/ha)      
        2023           1 frsd              0.0000000E+00  0.0000000E+00  0.0000000E+00
        2023           2 frse              0.0000000E+00  0.0000000E+00  0.0000000E+00
        2023           3 frst              0.0000000E+00  0.0000000E+00  0.0000000E+00
        2023           4 orcd               2.072764      0.6934272      0.3345423    
        2023           5 rnge               17.39976      0.0000000E+00  0.0000000E+00
        2023           6 wetl              0.0000000E+00  0.0000000E+00  0.0000000E+00
        2023           7 oats               163.8660       484.8704       2.958944    
        2023           8 lupn               141.0141       129.6746      0.9195859    
        2023           9 fesc               257.7219       231.9763      0.9001033    
        2023          10 barl               86.74461       347.9142       4.010787    
        2023          11 fpea               64.33395       283.7731       4.410938    
        2023          12 clvr               137.7989      0.0000000E+00  0.0000000E+00
        2023          13 pota               215.9353       1484.715       6.875738    
        2023          14 buck               19.62932       26.45250       1.347601    
        2023          15 wwht               236.4173       533.8284       2.257992    
        2023          16 canp               243.7088       1063.835       4.365189    
        2023          17 rye                99.12971       426.1508       4.298921    
        2023          18 trit               129.7862       638.9469       4.923072    
        2023          19 csil               22.32294       196.7009       8.811603    
        2023          20 lmix              0.0000000E+00  0.0000000E+00  0.0000000E+00
