 Mini_CREATE               SWAT+ Jan 11 2024        MODULAR Rev 2024.61.0                                 
   jday   mon   day    yr   unit  gis_id  name                 sedyld     sedorgn     sedorgp     surqno3     lat3no3    surqsolp        usle     sedminp     tileno3     lchlabp    tilelabp      satexn
                                                                  tha        kgha        kgha        kgha        kgha        kgha        tons        kgha        kgha        kgha        kgha        kgha
   365    12    31  2023       1       0  hru001                 0.005       0.036       0.003       0.401       0.305       0.121       0.000       0.003       0.000       2.926       0.000       0.000
   365    12    31  2023       2       0  hru002                 0.005       0.037       0.004       0.412       0.289       0.126       0.000       0.003       0.000       2.894       0.000       0.000
   365    12    31  2023       3       0  hru003                 0.000       0.000       0.000       0.000       6.284       0.000       0.000       0.000       0.000       1.729       0.000       0.000
   365    12    31  2023       4       0  hru004                 0.000       0.000       0.000       0.000       6.912       0.000       0.000       0.000       0.000       0.359       0.000       0.000
   365    12    31  2023       5       0  hru005                 0.000       0.000       0.000       0.000       6.083       0.000       0.000       0.000       0.000       0.674       0.000       0.000
   365    12    31  2023       6       0  hru006                 0.000       0.000       0.000       0.000       6.549       0.000       0.000       0.000       0.000       0.483       0.000       0.000
   365    12    31  2023       7       0  hru007                 0.000       0.000       0.000       0.000       5.384       0.000       0.000       0.000       0.000       0.995       0.000       0.000
   365    12    31  2023       8       0  hru008                 0.000       0.000       0.000       0.000       6.971       0.000       0.000       0.000       0.000       0.341       0.000       0.000
   365    12    31  2023       9       0  hru009                 0.026       0.244       0.023       0.624       1.641       0.386       0.000       0.017       0.000       6.053       0.000       0.000
   365    12    31  2023      10       0  hru010                 0.000       0.000       0.000       0.000       5.312       0.000       0.000       0.000       0.000       1.029       0.000       0.000
   365    12    31  2023      11       0  hru011                 0.000       0.000       0.000       0.000       5.370       0.000       0.000       0.000       0.000       1.002       0.000       0.000
   365    12    31  2023      12       0  hru012                 0.000       0.000       0.000       0.001       3.725       0.001       0.000       0.000       0.000       1.759       0.000       0.000
   365    12    31  2023      13       0  hru013                 0.000       0.000       0.000       0.000       5.718       0.000       0.000       0.000       0.000       0.837       0.000       0.000
   365    12    31  2023      14       0  hru014                 0.000       0.000       0.000       0.000       5.574       0.000       0.000       0.000       0.000       0.905       0.000       0.000
   365    12    31  2023      15       0  hru015                 0.000       0.000       0.000       0.000       6.142       0.000       0.000       0.000       0.000       0.648       0.000       0.000
   365    12    31  2023      16       0  hru016                 0.009       0.069       0.007       0.627       8.758       0.253       0.000       0.005       0.000       5.567       0.000       0.000
   365    12    31  2023      17       0  hru017                 0.000       0.000       0.000       0.000       4.925       0.000       0.000       0.000       0.000       0.761       0.000       0.000
   365    12    31  2023      18       0  hru018                 0.004       0.026       0.003       0.128       8.266       0.173       0.000       0.002       0.000       3.944       0.000       0.000
   365    12    31  2023      19       0  hru019                 0.009       0.116       0.012       0.261      10.811       0.275       0.000       0.007       0.000       5.950       0.000       0.000
   365    12    31  2023      20       0  hru020                 0.003       0.020       0.002       0.118      10.136       0.095       0.000       0.002       0.000       4.158       0.000       0.000
   365    12    31  2023      21       0  hru021                 0.000       0.000       0.000       0.000       3.656       0.000       0.000       0.000       0.000       1.311       0.000       0.000
   365    12    31  2023      22       0  hru022                 0.000       0.000       0.000       0.000       3.463       0.000       0.000       0.000       0.000       1.386       0.000       0.000
   365    12    31  2023      23       0  hru023                 0.000       0.000       0.000       0.000       2.302       0.000       0.000       0.000       0.000       1.572       0.000       0.000
   365    12    31  2023      24       0  hru024                 0.000       0.000       0.000       0.000       2.047       0.000       0.000       0.000       0.000       1.759       0.000       0.000
   365    12    31  2023      25       0  hru025                 0.000       0.000       0.000       0.000       4.794       0.000       0.000       0.000       0.000       0.842       0.000       0.000
   365    12    31  2023      26       0  hru026                 0.000       0.000       0.000       0.000       3.626       0.000       0.000       0.000       0.000       1.420       0.000       0.000
   365    12    31  2023      27       0  hru027                 0.000       0.001       0.000       0.047       2.505       0.005       0.000       0.000       0.000       2.380       0.000       0.000
   365    12    31  2023      28       0  hru028                 0.000       0.000       0.000       0.000       4.890       0.000       0.000       0.000       0.000       0.800       0.000       0.000
   365    12    31  2023      29       0  hru029                 0.001       0.003       0.000       0.045       4.957       0.004       0.000       0.000       0.000       1.663       0.000       0.000
   365    12    31  2023      30       0  hru030                 0.003       0.022       0.002       0.133       1.773       0.023       0.000       0.002       0.000       2.636       0.000       0.000
   365    12    31  2023      31       0  hru031                 0.010       0.059       0.006       0.121       9.420       0.124       0.000       0.006       0.000       2.215       0.000       0.000
   365    12    31  2023      32       0  hru032                 0.022       0.126       0.015       0.177       0.492       0.045       0.000       0.009       0.000       2.710       0.000       0.000
   365    12    31  2023      33       0  hru033                 0.000       0.000       0.000       0.000       1.487       0.000       0.000       0.000       0.000       0.981       0.000       0.000
   365    12    31  2023      34       0  hru034                 0.002       0.009       0.001       0.033       1.396       0.004       0.000       0.001       0.000       3.280       0.000       0.000
   365    12    31  2023      35       0  hru035                 0.000       0.000       0.000       0.000       1.711       0.000       0.000       0.000       0.000       1.660       0.000       0.000
   365    12    31  2023      36       0  hru036                 0.000       0.000       0.000       0.000       1.009       0.000       0.000       0.000       0.000       3.186       0.000       0.000
   365    12    31  2023      37       0  hru037                 0.013       0.075       0.009       0.144       0.350       0.046       0.000       0.005       0.000       5.451       0.000       0.000
   365    12    31  2023      38       0  hru038                 0.000       0.000       0.000       0.000       1.536       0.000       0.000       0.000       0.000       2.155       0.000       0.000
   365    12    31  2023      39       0  hru039                 0.000       0.000       0.000       0.000       1.751       0.000       0.000       0.000       0.000       1.535       0.000       0.000
   365    12    31  2023      40       0  hru040                 0.134       0.742       0.086       0.425       0.321       0.210       0.000       0.053       0.000       5.168       0.000       0.000
   365    12    31  2023      41       0  hru041                 0.000       0.001       0.000       0.007       2.097       0.001       0.000       0.000       0.000       3.627       0.000       0.000
   365    12    31  2023      42       0  hru042                 0.011       0.067       0.008       0.150       0.287       0.048       0.000       0.005       0.000       5.560       0.000       0.000
   365    12    31  2023      43       0  hru043                 0.028       0.304       0.080      10.856       0.001       1.663       0.000       0.286       0.000       0.000       0.000       0.000
   365    12    31  2023      44       0  hru044                 0.013       0.099       0.019       9.042       0.331       1.869       0.000       0.084       0.000       1.480       0.000       0.000
   365    12    31  2023      45       0  hru045                 0.000       0.000       0.000      11.041       0.000       1.365       0.000       0.000       0.000       0.000       0.000       0.000
   365    12    31  2023      46       0  hru046                 0.000       0.002       0.000       9.433       0.690       1.881       0.000       0.003       0.000       0.267       0.000       0.000
   365    12    31  2023      47       0  hru047                 0.000       0.000       0.000      10.882       0.000       1.374       0.000       0.000       0.000       0.000       0.000       0.000
   365    12    31  2023      48       0  hru048                 0.000       0.000       0.000      13.768       0.000       1.297       0.000       0.000       0.000       0.000       0.000       0.000
   365    12    31  2023      49       0  hru049                 0.001       0.000       0.000      10.797       0.000       1.483       0.000       0.000       0.000       0.000       0.000       0.000
   365    12    31  2023      50       0  hru050                 0.002       0.000       0.000      10.797       0.000       1.483       0.000       0.000       0.000       0.000       0.000       0.000
   365    12    31  2023      51       0  hru051                 0.000       0.000       0.000      10.797       0.000       1.483       0.000       0.000       0.000       0.000       0.000       0.000
   365    12    31  2023      52       0  hru052                 0.000       0.000       0.000      10.295       0.005       2.048       0.000       0.000       0.000       0.011       0.000       0.000
   365    12    31  2023      53       0  hru053                 0.007       0.112       0.019       7.599       2.131       2.174       0.000       0.032       0.000       4.920       0.000       0.000
   365    12    31  2023      54       0  hru054                 0.000       0.000       0.000      10.797       0.000       1.484       0.000       0.000       0.000       0.000       0.000       0.000
   365    12    31  2023      55       0  hru055                 0.000       0.000       0.000       0.366       1.033       0.102       0.000       0.000       0.000       2.669       0.000       0.000
   365    12    31  2023      56       0  hru056                 0.000       0.000       0.000       0.000       6.287       0.000       0.000       0.000       0.000       0.586       0.000       0.000
   365    12    31  2023      57       0  hru057                 0.000       0.000       0.000       0.382       0.692       0.111       0.000       0.000       0.000       2.791       0.000       0.000
   365    12    31  2023      58       0  hru058                 0.000       0.001       0.000       0.531       1.138       0.278       0.000       0.000       0.000       3.119       0.000       0.000
   365    12    31  2023      59       0  hru059                 0.000       0.000       0.000       0.393       0.472       0.117       0.000       0.000       0.000       2.865       0.000       0.000
   365    12    31  2023      60       0  hru060                 0.000       0.001       0.000       0.209       3.516       0.067       0.000       0.000       0.000       2.928       0.000       0.000
   365    12    31  2023      61       0  hru061                 0.000       0.000       0.000       0.088       4.410       0.020       0.000       0.000       0.000       2.196       0.000       0.000
   365    12    31  2023      62       0  hru062                 0.000       0.000       0.000       0.441       6.794       0.776       0.000       0.000       0.000       2.697       0.000       0.000
   365    12    31  2023      63       0  hru063                 0.000       0.000       0.000       0.320       0.677       0.117       0.000       0.000       0.000       3.749       0.000       0.000
   365    12    31  2023      64       0  hru064                 0.000       0.000       0.000       0.000       6.961       0.000       0.000       0.000       0.000       0.344       0.000       0.000
   365    12    31  2023      65       0  hru065                 0.000       0.000       0.000       0.000       6.807       0.000       0.000       0.000       0.000       0.392       0.000       0.000
   365    12    31  2023      66       0  hru066                 0.000       0.000       0.000       0.000       7.251       0.000       0.000       0.000       0.000       0.268       0.000       0.000
   365    12    31  2023      67       0  hru067                 0.000       0.000       0.000       0.000       5.281       0.000       0.000       0.000       0.000       0.612       0.000       0.000
   365    12    31  2023      68       0  hru068                 0.000       0.000       0.000       0.000       5.867       0.000       0.000       0.000       0.000       0.770       0.000       0.000
   365    12    31  2023      69       0  hru069                 0.000       0.000       0.000       0.000       5.247       0.000       0.000       0.000       0.000       1.060       0.000       0.000
   365    12    31  2023      70       0  hru070                 0.000       0.000       0.000       0.000       4.653       0.000       0.000       0.000       0.000       1.339       0.000       0.000
   365    12    31  2023      71       0  hru071                 0.000       0.000       0.000       0.000       4.292       0.000       0.000       0.000       0.000       1.504       0.000       0.000
   365    12    31  2023      72       0  hru072                 0.000       0.000       0.000       0.000       5.428       0.000       0.000       0.000       0.000       0.974       0.000       0.000
   365    12    31  2023      73       0  hru073                 0.000       0.000       0.000       1.164       0.652       0.679       0.000       0.000       0.000       6.192       0.000       0.000
   365    12    31  2023      74       0  hru074                 0.000       0.000       0.000       0.403       0.456       0.121       0.000       0.000       0.000       2.831       0.000       0.000
   365    12    31  2023      75       0  hru075                 0.000       0.000       0.000       0.474       0.526       0.198       0.000       0.000       0.000       3.031       0.000       0.000
   365    12    31  2023      76       0  hru076                 0.000       0.000       0.000       0.072       3.855       0.011       0.000       0.000       0.000       2.737       0.000       0.000
   365    12    31  2023      77       0  hru077                 0.000       0.000       0.000       0.058       8.258       0.029       0.000       0.000       0.000       3.781       0.000       0.000
   365    12    31  2023      78       0  hru078                 0.000       0.000       0.000       0.002       5.692       0.003       0.000       0.000       0.000       2.377       0.000       0.000
   365    12    31  2023      79       0  hru079                 0.000       0.000       0.000       1.066      10.159       0.552       0.000       0.000       0.000       6.904       0.000       0.000
   365    12    31  2023      80       0  hru080                 0.000       0.000       0.000       0.000       4.924       0.000       0.000       0.000       0.000       0.785       0.000       0.000
   365    12    31  2023      81       0  hru081                 0.000       0.000       0.000       3.477      10.253       1.965       0.000       0.000       0.000       8.955       0.000       0.000
   365    12    31  2023      82       0  hru082                 0.000       0.000       0.000       0.667       8.484       0.542       0.000       0.000       0.000       6.118       0.000       0.000
   365    12    31  2023      83       0  hru083                 0.000       0.000       0.000       0.232       7.168       0.184       0.000       0.000       0.000       4.822       0.000       0.000
   365    12    31  2023      84       0  hru084                 0.000       0.000       0.000       0.000       3.910       0.000       0.000       0.000       0.000       2.122       0.000       0.000
   365    12    31  2023      85       0  hru085                 0.000       0.000       0.000       0.000       3.718       0.000       0.000       0.000       0.000       1.287       0.000       0.000
   365    12    31  2023      86       0  hru086                 0.000       0.000       0.000       0.779       1.175       0.659       0.000       0.000       0.000       5.256       0.000       0.000
   365    12    31  2023      87       0  hru087                 0.000       0.000       0.000       4.222      10.510       1.715       0.000       0.000       0.000      10.942       0.000       0.000
   365    12    31  2023      88       0  hru088                 0.000       0.000       0.000       0.000       3.088       0.000       0.000       0.000       0.000       1.849       0.000       0.000
   365    12    31  2023      89       0  hru089                 0.000       0.000       0.000       0.012       6.880       0.005       0.000       0.000       0.000       2.873       0.000       0.000
   365    12    31  2023      90       0  hru090                 0.000       0.000       0.000       0.003       6.679       0.002       0.000       0.000       0.000       2.704       0.000       0.000
   365    12    31  2023      91       0  hru091                 0.000       0.000       0.000       0.000       2.024       0.000       0.000       0.000       0.000       1.776       0.000       0.000
   365    12    31  2023      92       0  hru092                 0.000       0.000       0.000       0.338       1.300       0.128       0.000       0.000       0.000       3.696       0.000       0.000
   365    12    31  2023      93       0  hru093                 0.000       0.000       0.000       0.045       7.216       0.033       0.000       0.000       0.000       4.022       0.000       0.000
   365    12    31  2023      94       0  hru094                 0.000       0.000       0.000       0.000       2.226       0.000       0.000       0.000       0.000       1.627       0.000       0.000
   365    12    31  2023      95       0  hru095                 0.033       0.000       0.000       0.138       1.610       0.025       0.000       0.000       0.000       2.700       0.000       0.000
   365    12    31  2023      96       0  hru096                 0.000       0.000       0.000       0.175       6.630       0.202       0.000       0.000       0.000       3.055       0.000       0.000
   365    12    31  2023      97       0  hru097                 0.000       0.000       0.000       0.000       3.928       0.000       0.000       0.000       0.000       0.565       0.000       0.000
   365    12    31  2023      98       0  hru098                 0.000       0.000       0.000       0.177       2.057       0.042       0.000       0.000       0.000       2.845       0.000       0.000
   365    12    31  2023      99       0  hru099                 0.001       0.004       0.000       1.005       2.585       1.014       0.000       0.000       0.000       7.189       0.000       0.000
   365    12    31  2023     100       0  hru100                 0.000       0.000       0.000       1.165       1.948       0.448       0.000       0.000       0.000       6.919       0.000       0.000
   365    12    31  2023     101       0  hru101                 0.000       0.000       0.000       0.000       7.103       0.000       0.000       0.000       0.000       1.695       0.000       0.000
   365    12    31  2023     102       0  hru102                 0.006       0.033       0.004       0.180       1.671       0.031       0.000       0.002       0.000       3.717       0.000       0.000
   365    12    31  2023     103       0  hru103                 0.156       0.705       0.079       2.666      23.014       0.356       0.000       0.063       0.000       6.755       0.000       0.000
   365    12    31  2023     104       0  hru104                 0.005       0.031       0.003       0.175       1.223       0.033       0.000       0.002       0.000       3.748       0.000       0.000
   365    12    31  2023     105       0  hru105                 0.007       0.033       0.004       0.083      12.401       0.084       0.000       0.003       0.000       3.040       0.000       0.000
   365    12    31  2023     106       0  hru106                 0.104       0.644       0.068       0.417       4.399       0.097       0.000       0.043       0.000       3.253       0.000       0.000
   365    12    31  2023     107       0  hru107                 0.089       0.522       0.061       0.531       0.687       0.230       0.000       0.036       0.000       3.570       0.000       0.000
   365    12    31  2023     108       0  hru108                 0.032       0.242       0.039       0.088      29.396       0.246       0.000       0.045       0.000       4.284       0.000       0.000
   365    12    31  2023     109       0  hru109                 0.002       0.011       0.001       0.843      44.373       0.021       0.000       0.001       0.000       2.559       0.000       0.000
   365    12    31  2023     110       0  hru110                 0.001       0.008       0.001       0.030       9.052       0.001       0.000       0.000       0.000       1.949       0.000       0.000
   365    12    31  2023     111       0  hru111                 0.024       0.140       0.017       0.218      14.255       0.083       0.000       0.010       0.000       4.581       0.000       0.000
   365    12    31  2023     112       0  hru112                 0.022       0.291       0.049       0.375       7.650       1.279       0.000       0.062       0.000       4.111       0.000       0.000
   365    12    31  2023     113       0  hru113                 0.000       0.000       0.000       0.000       7.189       0.000       0.000       0.000       0.000       1.023       0.000       0.000
   365    12    31  2023     114       0  hru114                 0.002       0.007       0.001       0.016     178.184       0.009       0.000       0.001       0.000       3.384       0.000       0.000
   365    12    31  2023     115       0  hru115                 0.026       0.144       0.017       0.167       1.592       0.038       0.000       0.010       0.000       3.777       0.000       0.000
   365    12    31  2023     116       0  hru116                 0.000       0.000       0.000       0.000      12.080       0.000       0.000       0.000       0.000       1.826       0.000       0.000
   365    12    31  2023     117       0  hru117                 0.000       0.000       0.000       0.000       8.207       0.000       0.000       0.000       0.000       1.075       0.000       0.000
   365    12    31  2023     118       0  hru118                 0.000       0.000       0.000       0.000       7.396       0.000       0.000       0.000       0.000       1.082       0.000       0.000
   365    12    31  2023     119       0  hru119                 0.134       0.746       0.085       0.396       3.721       0.093       0.000       0.057       0.000       2.949       0.000       0.000
   365    12    31  2023     120       0  hru120                 0.001       0.051       0.006       0.038       5.036       0.004       0.000       0.000       0.000       3.883       0.000       0.000
   365    12    31  2023     121       0  hru121                 0.023       0.212       0.036       0.111      21.126       0.454       0.000       0.045       0.000       4.802       0.000       0.000
   365    12    31  2023     122       0  hru122                 0.015       0.108       0.016       1.335      73.730       0.210       0.000       0.018       0.000       4.728       0.000       0.000
   365    12    31  2023     123       0  hru123                 0.000       0.000       0.000       0.000      39.776       0.000       0.000       0.000       0.000       2.263       0.000       0.000
   365    12    31  2023     124       0  hru124                 0.003       0.021       0.003       0.026      54.835       0.027       0.000       0.003       0.000       2.639       0.000       0.000
   365    12    31  2023     125       0  hru125                 0.229       1.286       0.154       0.918       1.073       0.380       0.000       0.096       0.000       3.529       0.000       0.000
   365    12    31  2023     126       0  hru126                 0.012       0.066       0.008       0.058      12.401       0.050       0.000       0.006       0.000       3.273       0.000       0.000
   365    12    31  2023     127       0  hru127                 0.537       2.948       0.349       1.348       0.902       0.794       0.000       0.195       0.000       3.884       0.000       0.000
   365    12    31  2023     128       0  hru128                 0.139       0.654       0.080       0.053       3.087       0.048       0.000       0.050       0.000       2.978       0.000       0.000
   365    12    31  2023     129       0  hru129                 0.024       0.129       0.016       0.600       0.386       0.137       0.000       0.011       0.000       3.037       0.000       0.000
   365    12    31  2023     130       0  hru130                 0.031       0.176       0.022       0.264      38.978       0.215       0.000       0.018       0.000       4.679       0.000       0.000
   365    12    31  2023     131       0  hru131                 0.018       0.092       0.011       0.106       1.098       0.036       0.000       0.006       0.000       3.249       0.000       0.000
   365    12    31  2023     132       0  hru132                 0.055       0.321       0.038       0.951       0.927       0.335       0.000       0.028       0.000       3.242       0.000       0.000
   365    12    31  2023     133       0  hru133                 0.000       0.000       0.000       0.000     206.791       0.000       0.000       0.000       0.000       2.146       0.000       0.000
   365    12    31  2023     134       0  hru134                 0.039       0.377       0.059       0.710       8.872       0.682       0.000       0.065       0.000       3.825       0.000       0.000
   365    12    31  2023     135       0  hru135                 0.002       0.013       0.001       0.276      64.956       0.024       0.000       0.001       0.000       3.346       0.000       0.000
   365    12    31  2023     136       0  hru136                 0.077       3.034       0.371       4.403      11.022       0.633       0.000       0.015       0.000      11.746       0.000       0.000
   365    12    31  2023     137       0  hru137                 0.359       2.441       0.252       1.022      31.953       0.608       0.000       0.165       0.000       6.931       0.000       0.000
   365    12    31  2023     138       0  hru138                 0.016       0.088       0.010       0.670       1.855       0.225       0.000       0.007       0.000       4.004       0.000       0.000
   365    12    31  2023     139       0  hru139                 0.000       0.000       0.000       0.001      20.110       0.000       0.000       0.000       0.000       1.818       0.000       0.000
   365    12    31  2023     140       0  hru140                 0.000       0.000       0.000       0.000      19.267       0.000       0.000       0.000       0.000       2.088       0.000       0.000
   365    12    31  2023     141       0  hru141                 0.009       0.057       0.007       0.140       6.272       0.088       0.000       0.005       0.000       4.097       0.000       0.000
   365    12    31  2023     142       0  hru142                 0.000       0.000       0.000       0.000       6.657       0.000       0.000       0.000       0.000       0.878       0.000       0.000
   365    12    31  2023     143       0  hru143                 0.057       0.338       0.039       0.338      12.212       0.179       0.000       0.024       0.000       5.540       0.000       0.000
   365    12    31  2023     144       0  hru144                 0.007       0.041       0.005       0.143       1.372       0.056       0.000       0.003       0.000       3.725       0.000       0.000
   365    12    31  2023     145       0  hru145                 0.002       0.011       0.001       0.053       4.157       0.018       0.000       0.001       0.000       2.656       0.000       0.000
   365    12    31  2023     146       0  hru146                 0.060       0.342       0.041       0.845       2.726       0.272       0.000       0.033       0.000       5.992       0.000       0.000
   365    12    31  2023     147       0  hru147                 0.172       0.943       0.113       2.080       3.364       0.271       0.000       0.068       0.000       6.353       0.000       0.000
   365    12    31  2023     148       0  hru148                 0.382       1.940       0.232       3.315       1.671       0.215       0.000       0.140       0.000       3.545       0.000       0.000
   365    12    31  2023     149       0  hru149                 0.001       0.003       0.000       0.025       6.070       0.020       0.000       0.001       0.000       2.029       0.000       0.000
   365    12    31  2023     150       0  hru150                 0.003       0.014       0.002       0.045       6.149       0.055       0.000       0.002       0.000       4.497       0.000       0.000
   365    12    31  2023     151       0  hru151                 0.025       0.241       0.038       0.275      17.939       0.685       0.000       0.042       0.000       6.139       0.000       0.000
   365    12    31  2023     152       0  hru152                 0.052       0.398       0.062       0.130      16.332       0.470       0.000       0.070       0.000       4.677       0.000       0.000
   365    12    31  2023     153       0  hru153                 0.029       0.348       0.060       0.848       9.054       1.415       0.000       0.079       0.000       4.323       0.000       0.000
   365    12    31  2023     154       0  hru154                 0.032       0.411       0.072       1.288       9.514       1.650       0.000       0.093       0.000       4.420       0.000       0.000
   365    12    31  2023     155       0  hru155                 0.682       3.786       0.454       2.064       1.034       1.061       0.000       0.282       0.000       3.894       0.000       0.000
   365    12    31  2023     156       0  hru156                 0.000       0.000       0.000       0.000      12.094       0.000       0.000       0.000       0.000       1.163       0.000       0.000
   365    12    31  2023     157       0  hru157                 0.013       0.132       0.022       0.074      23.507       0.334       0.000       0.029       0.000       4.621       0.000       0.000
   365    12    31  2023     158       0  hru158                 0.029       0.227       0.036       0.038      19.640       0.217       0.000       0.040       0.000       3.692       0.000       0.000
   365    12    31  2023     159       0  hru159                 0.226       1.189       0.145       1.136       2.047       0.358       0.000       0.114       0.000       3.151       0.000       0.000
   365    12    31  2023     160       0  hru160                 0.001       0.008       0.002       0.007     165.452       0.039       0.000       0.003       0.000       2.828       0.000       0.000
   365    12    31  2023     161       0  hru161                 0.020       0.147       0.024       0.034     290.800       0.713       0.000       0.047       0.000       6.797       0.000       0.000
   365    12    31  2023     162       0  hru162                 0.021       0.152       0.022       0.217      23.393       0.482       0.000       0.026       0.000       7.051       0.000       0.000
   365    12    31  2023     163       0  hru163                 0.000       0.000       0.000       0.000       3.981       0.000       0.000       0.000       0.000       1.882       0.000       0.000
   365    12    31  2023     164       0  hru164                 0.000       0.000       0.000       0.000       5.087       0.000       0.000       0.000       0.000       1.313       0.000       0.000
   365    12    31  2023     165       0  hru165                 0.000       0.000       0.000       0.111       8.815       0.096       0.000       0.000       0.000       4.559       0.000       0.000
   365    12    31  2023     166       0  hru166                 0.000       0.000       0.000       3.837      11.435       1.807       0.000       0.000       0.000       9.743       0.000       0.000
   365    12    31  2023     167       0  hru167                 0.000       0.000       0.000       0.075       6.715       0.072       0.000       0.000       0.000       2.995       0.000       0.000
   365    12    31  2023     168       0  hru168                 0.000       0.000       0.000       0.064       2.235       0.008       0.000       0.000       0.000       2.266       0.000       0.000
   365    12    31  2023     169       0  hru169                 0.000       0.000       0.000       0.194       4.142       0.083       0.000       0.000       0.000       3.595       0.000       0.000
   365    12    31  2023     170       0  hru170                 0.000       0.000       0.000       0.000       4.404       0.000       0.000       0.000       0.000       1.008       0.000       0.000
   365    12    31  2023     171       0  hru171                 0.002       0.009       0.001       0.039       8.865       0.007       0.000       0.001       0.000       3.151       0.000       0.000
   365    12    31  2023     172       0  hru172                 0.020       0.076       0.009       1.703      22.435       0.441       0.000       0.011       0.000       6.770       0.000       0.000
   365    12    31  2023     173       0  hru173                 0.001       0.007       0.001       0.041       4.469       0.012       0.000       0.001       0.000       2.636       0.000       0.000
   365    12    31  2023     174       0  hru174                 0.002       0.010       0.001       0.161      19.488       0.013       0.000       0.001       0.000       2.652       0.000       0.000
   365    12    31  2023     175       0  hru175                 0.001       0.008       0.001       0.029      63.465       0.065       0.000       0.001       0.000       4.047       0.000       0.000
   365    12    31  2023     176       0  hru176                 0.001       0.003       0.000       0.025      91.344       0.052       0.000       0.001       0.000       5.709       0.000       0.000
   365    12    31  2023     177       0  hru177                 0.000       0.000       0.000       0.061       2.943       0.007       0.000       0.000       0.000       2.189       0.000       0.000
   365    12    31  2023     178       0  hru178                 0.000       0.000       0.000       0.068       2.038       0.009       0.000       0.000       0.000       2.339       0.000       0.000
   365    12    31  2023     179       0  hru179                 0.000       0.000       0.000       0.000       2.809       0.000       0.000       0.000       0.000       1.215       0.000       0.000
   365    12    31  2023     180       0  hru180                 0.000       0.000       0.000       0.001      23.344       0.000       0.000       0.000       0.000       1.809       0.000       0.000
   365    12    31  2023     181       0  hru181                 0.009       0.061       0.009       0.046      61.439       0.102       0.000       0.009       0.000       3.915       0.000       0.000
   365    12    31  2023     182       0  hru182                 0.000       0.000       0.000       0.000      62.671       0.000       0.000       0.000       0.000       1.798       0.000       0.000
   365    12    31  2023     183       0  hru183                 0.000       0.000       0.000       0.000       7.397       0.000       0.000       0.000       0.000       1.283       0.000       0.000
   365    12    31  2023     184       0  hru184                 0.506       2.787       0.323       4.612       1.880       0.591       0.000       0.264       0.000       2.941       0.000       0.000
   365    12    31  2023     185       0  hru185                 0.009       0.047       0.006       1.486       1.392       0.041       0.000       0.004       0.000       2.902       0.000       0.000
   365    12    31  2023     186       0  hru186                 0.158       0.933       0.105       1.566       1.273       0.668       0.000       0.072       0.000       3.614       0.000       0.000
   365    12    31  2023     187       0  hru187                 0.018       0.100       0.011       0.963       0.841       0.107       0.000       0.007       0.000       3.087       0.000       0.000
   365    12    31  2023     188       0  hru188                 0.079       0.442       0.053       0.266       0.729       0.225       0.000       0.034       0.000       3.452       0.000       0.000
   365    12    31  2023     189       0  hru189                 0.321       1.829       0.219       0.489       1.143       0.616       0.000       0.150       0.000       3.521       0.000       0.000
   365    12    31  2023     190       0  hru190                 0.015       0.090       0.010       0.503      12.548       0.035       0.000       0.006       0.000       3.255       0.000       0.000
   365    12    31  2023     191       0  hru191                 0.412       2.106       0.248       3.317       1.711       0.661       0.000       0.187       0.000       3.563       0.000       0.000
   365    12    31  2023     192       0  hru192                 0.486       2.503       0.300       1.297       2.485       0.484       0.000       0.217       0.000       3.130       0.000       0.000
   365    12    31  2023     193       0  hru193                 0.009       0.080       0.013       0.444      10.140       1.100       0.000       0.022       0.000       6.500       0.000       0.000
   365    12    31  2023     194       0  hru194                 0.030       0.185       0.020       0.215       3.744       0.083       0.000       0.013       0.000       3.526       0.000       0.000
   365    12    31  2023     195       0  hru195                 0.020       0.162       0.025       0.502       6.903       0.907       0.000       0.037       0.000       3.663       0.000       0.000
   365    12    31  2023     196       0  hru196                 0.071       0.504       0.075       0.643      15.187       0.778       0.000       0.101       0.000       3.312       0.000       0.000
   365    12    31  2023     197       0  hru197                 0.000       0.000       0.000       0.000      45.221       0.000       0.000       0.000       0.000       0.906       0.000       0.000
   365    12    31  2023     198       0  hru198                 0.022       0.153       0.025       0.197      96.231       0.919       0.000       0.045       0.000       5.802       0.000       0.000
   365    12    31  2023     199       0  hru199                 0.050       0.417       0.064       0.827       7.901       2.155       0.000       0.100       0.000       4.101       0.000       0.000
   365    12    31  2023     200       0  hru200                 0.028       0.240       0.037       0.680       6.856       1.457       0.000       0.057       0.000       3.774       0.000       0.000
   365    12    31  2023     201       0  hru201                 0.000       0.000       0.000       0.000      76.249       0.000       0.000       0.000       0.000       1.506       0.000       0.000
   365    12    31  2023     202       0  hru202                 0.022       0.110       0.013       0.059       3.296       0.007       0.000       0.007       0.000       2.479       0.000       0.000
   365    12    31  2023     203       0  hru203                 0.000       0.000       0.000       0.000       6.282       0.000       0.000       0.000       0.000       0.865       0.000       0.000
   365    12    31  2023     204       0  hru204                 0.063       0.339       0.040       0.818       1.711       0.072       0.000       0.024       0.000       1.934       0.000       0.000
   365    12    31  2023     205       0  hru205                 0.001       0.004       0.000       0.012      12.970       0.005       0.000       0.000       0.000       1.594       0.000       0.000
   365    12    31  2023     206       0  hru206                 0.007       0.038       0.005       0.159       2.546       0.107       0.000       0.004       0.000       4.652       0.000       0.000
   365    12    31  2023     207       0  hru207                 0.025       0.173       0.028       0.034      78.437       0.499       0.000       0.039       0.000       4.423       0.000       0.000
   365    12    31  2023     208       0  hru208                 0.025       0.143       0.017       0.403       9.333       0.049       0.000       0.010       0.000       4.841       0.000       0.000
   365    12    31  2023     209       0  hru209                 0.017       0.126       0.014       0.180       1.952       0.014       0.000       0.007       0.000       3.413       0.000       0.000
   365    12    31  2023     210       0  hru210                 0.050       0.271       0.032       0.286       2.222       0.063       0.000       0.017       0.000       4.117       0.000       0.000
   365    12    31  2023     211       0  hru211                 0.034       0.209       0.025       0.210       0.794       0.064       0.000       0.014       0.000       3.657       0.000       0.000
   365    12    31  2023     212       0  hru212                 0.001       0.008       0.001       0.082      62.695       0.010       0.000       0.001       0.000       2.608       0.000       0.000
   365    12    31  2023     213       0  hru213                 0.023       0.123       0.015       0.543       0.640       0.148       0.000       0.012       0.000       2.867       0.000       0.000
   365    12    31  2023     214       0  hru214                 0.006       0.034       0.004       0.088       1.467       0.015       0.000       0.002       0.000       2.960       0.000       0.000
   365    12    31  2023     215       0  hru215                 0.005       0.028       0.003       0.086       1.255       0.016       0.000       0.002       0.000       2.932       0.000       0.000
   365    12    31  2023     216       0  hru216                 0.015       0.086       0.011       0.089      11.335       0.051       0.000       0.008       0.000       3.548       0.000       0.000
   365    12    31  2023     217       0  hru217                 0.040       0.228       0.027       0.288       1.965       0.047       0.000       0.014       0.000       2.600       0.000       0.000
   365    12    31  2023     218       0  hru218                 0.019       0.100       0.012       0.075       3.370       0.030       0.000       0.008       0.000       2.686       0.000       0.000
   365    12    31  2023     219       0  hru219                 0.009       0.053       0.006       0.096       0.958       0.038       0.000       0.004       0.000       3.316       0.000       0.000
   365    12    31  2023     220       0  hru220                 0.042       0.238       0.028       0.471       0.813       0.270       0.000       0.024       0.000       3.062       0.000       0.000
   365    12    31  2023     221       0  hru221                 0.000       0.001       0.000       0.003       2.938       0.001       0.000       0.000       0.000       2.491       0.000       0.000
   365    12    31  2023     222       0  hru222                 0.442       2.512       0.305      35.550       5.369       7.389       0.000       0.213       0.000      12.654       0.000       0.000
   365    12    31  2023     223       0  hru223                 0.018       0.154       0.026       0.130      18.111       0.390       0.000       0.033       0.000       4.779       0.000       0.000
   365    12    31  2023     224       0  hru224                 0.000       0.000       0.000       0.000      71.736       0.000       0.000       0.000       0.000       1.326       0.000       0.000
   365    12    31  2023     225       0  hru225                 0.010       0.051       0.006       0.019      59.920       0.028       0.000       0.006       0.000       1.695       0.000       0.000
   365    12    31  2023     226       0  hru226                 0.155       0.866       0.114       0.373      12.414       0.309       0.000       0.116       0.000       3.219       0.000       0.000
   365    12    31  2023     227       0  hru227                 0.013       0.063       0.008       0.039      10.597       0.020       0.000       0.006       0.000       1.721       0.000       0.000
   365    12    31  2023     228       0  hru228                 0.028       0.188       0.030       0.089      15.124       0.233       0.000       0.034       0.000       4.171       0.000       0.000
   365    12    31  2023     229       0  hru229                 0.000       0.000       0.000       0.000      53.534       0.000       0.000       0.000       0.000       1.732       0.000       0.000
   365    12    31  2023     230       0  hru230                 0.001       0.007       0.001       0.898       5.573       0.011       0.000       0.001       0.000       1.793       0.000       0.000
   365    12    31  2023     231       0  hru231                 0.065       0.547       0.086       0.265      15.879       0.645       0.000       0.095       0.000       4.925       0.000       0.000
   365    12    31  2023     232       0  hru232                 0.000       0.000       0.000       0.000       9.826       0.000       0.000       0.000       0.000       0.984       0.000       0.000
   365    12    31  2023     233       0  hru233                 0.000       0.000       0.000       0.000       9.718       0.000       0.000       0.000       0.000       1.060       0.000       0.000
   365    12    31  2023     234       0  hru234                 0.000       0.000       0.000       0.000     140.553       0.000       0.000       0.000       0.000       1.166       0.000       0.000
   365    12    31  2023     235       0  hru235                 0.326       1.667       0.201       1.266       3.014       0.342       0.000       0.152       0.000       3.317       0.000       0.000
   365    12    31  2023     236       0  hru236                 0.061       0.322       0.040       0.377       1.426       0.122       0.000       0.032       0.000       2.517       0.000       0.000
   365    12    31  2023     237       0  hru237                 0.000       0.000       0.000       0.000      70.949       0.000       0.000       0.000       0.000       1.301       0.000       0.000
   365    12    31  2023     238       0  hru238                 0.046       0.249       0.030       0.842       1.424       0.189       0.000       0.028       0.000       2.765       0.000       0.000
   365    12    31  2023     239       0  hru239                 0.001       0.004       0.000       0.106       6.054       0.022       0.000       0.000       0.000       3.404       0.000       0.000
   365    12    31  2023     240       0  hru240                 0.092       0.944       0.096       0.480      16.942       0.262       0.000       0.060       0.000       4.804       0.000       0.000
   365    12    31  2023     241       0  hru241                 0.000       0.000       0.000       0.000       6.459       0.000       0.000       0.000       0.000       1.091       0.000       0.000
   365    12    31  2023     242       0  hru242                 0.000       0.000       0.000       0.001       4.648       0.001       0.000       0.000       0.000       1.463       0.000       0.000
   365    12    31  2023     243       0  hru243                 0.000       0.000       0.000       0.038       3.403       0.003       0.000       0.000       0.000       1.991       0.000       0.000
   365    12    31  2023     244       0  hru244                 0.000       0.000       0.000       0.000       4.937       0.000       0.000       0.000       0.000       1.205       0.000       0.000
   365    12    31  2023     245       0  hru245                 0.000       0.000       0.000       0.000       6.167       0.000       0.000       0.000       0.000       0.637       0.000       0.000
   365    12    31  2023     246       0  hru246                 0.023       0.130       0.015       0.125       0.568       0.037       0.000       0.009       0.000       5.047       0.000       0.000
   365    12    31  2023     247       0  hru247                 0.156       1.291       0.199       0.543      18.009       0.838       0.000       0.228       0.000       3.765       0.000       0.000
   365    12    31  2023     248       0  hru248                 0.026       0.282       0.043       0.795       6.536       0.807       0.000       0.048       0.000       4.054       0.000       0.000
   365    12    31  2023     249       0  hru249                 0.028       0.251       0.039       0.969       5.834       0.733       0.000       0.043       0.000       4.016       0.000       0.000
   365    12    31  2023     250       0  hru250                 0.051       0.336       0.048       0.505       7.193       0.493       0.000       0.054       0.000       3.707       0.000       0.000
   365    12    31  2023     251       0  hru251                 0.000       0.000       0.000       0.000       6.712       0.000       0.000       0.000       0.000       0.923       0.000       0.000
   365    12    31  2023     252       0  hru252                 0.148       1.160       0.120      13.325       5.736       2.667       0.000       0.047       0.000      13.086       0.000       0.000
   365    12    31  2023     253       0  hru253                 0.001       0.009       0.001       0.016      10.157       0.021       0.000       0.001       0.000       2.596       0.000       0.000
   365    12    31  2023     254       0  hru254                 0.000       0.000       0.000       0.000       8.750       0.000       0.000       0.000       0.000       1.502       0.000       0.000
   365    12    31  2023     255       0  hru255                 0.000       0.000       0.000       0.000       5.248       0.000       0.000       0.000       0.000       1.059       0.000       0.000
   365    12    31  2023     256       0  hru256                 0.015       0.101       0.010       0.379       0.750       0.109       0.000       0.008       0.000       2.771       0.000       0.000
   365    12    31  2023     257       0  hru257                 0.000       0.000       0.000       0.000       5.684       0.000       0.000       0.000       0.000       0.853       0.000       0.000
   365    12    31  2023     258       0  hru258                 0.000       0.000       0.000       0.002       7.017       0.002       0.000       0.000       0.000       2.004       0.000       0.000
   365    12    31  2023     259       0  hru259                 0.015       0.098       0.009       0.380       0.727       0.110       0.000       0.008       0.000       2.779       0.000       0.000
   365    12    31  2023     260       0  hru260                 0.022       0.158       0.015       0.470       0.737       0.196       0.000       0.012       0.000       3.010       0.000       0.000
   365    12    31  2023     261       0  hru261                 0.024       0.172       0.017       0.428       1.045       0.135       0.000       0.013       0.000       3.087       0.000       0.000
   365    12    31  2023     262       0  hru262                 0.000       0.000       0.000       0.000       5.934       0.000       0.000       0.000       0.000       0.739       0.000       0.000
   365    12    31  2023     263       0  hru263                 0.037       0.249       0.024       0.446       0.996       0.174       0.000       0.019       0.000       2.942       0.000       0.000
   365    12    31  2023     264       0  hru264                 0.007       0.080       0.008       0.698       9.633       0.265       0.000       0.005       0.000       6.199       0.000       0.000
   365    12    31  2023     265       0  hru265                 0.000       0.000       0.000       0.000       9.429       0.000       0.000       0.000       0.000       0.815       0.000       0.000
   365    12    31  2023     266       0  hru266                 0.000       0.000       0.000       0.000       6.204       0.000       0.000       0.000       0.000       0.621       0.000       0.000
   365    12    31  2023     267       0  hru267                 0.000       0.000       0.000       0.000       5.394       0.000       0.000       0.000       0.000       0.990       0.000       0.000
   365    12    31  2023     268       0  hru268                 0.000       0.000       0.000       0.001       7.024       0.001       0.000       0.000       0.000       0.868       0.000       0.000
   365    12    31  2023     269       0  hru269                 0.000       0.001       0.000       0.001       7.241       0.001       0.000       0.000       0.000       0.793       0.000       0.000
   365    12    31  2023     270       0  hru270                 0.000       0.000       0.000       0.000       7.643       0.000       0.000       0.000       0.000       0.472       0.000       0.000
   365    12    31  2023     271       0  hru271                 0.003       0.022       0.002       0.278       4.339       0.115       0.000       0.002       0.000       4.016       0.000       0.000
   365    12    31  2023     272       0  hru272                 0.001       0.006       0.001       0.119       4.129       0.024       0.000       0.001       0.000       2.599       0.000       0.000
   365    12    31  2023     273       0  hru273                 0.001       0.008       0.001       0.191       4.283       0.056       0.000       0.001       0.000       4.152       0.000       0.000
   365    12    31  2023     274       0  hru274                 0.170       1.622       0.255       1.498      13.556       1.614       0.000       0.293       0.000       4.053       0.000       0.000
   365    12    31  2023     275       0  hru275                 0.098       0.951       0.148       1.072      10.161       1.430       0.000       0.171       0.000       4.688       0.000       0.000
   365    12    31  2023     276       0  hru276                 0.042       0.342       0.049       0.594       8.077       0.516       0.000       0.054       0.000       3.757       0.000       0.000
   365    12    31  2023     277       0  hru277                 0.061       0.510       0.073       1.957       7.991       0.684       0.000       0.080       0.000       3.895       0.000       0.000
   365    12    31  2023     278       0  hru278                 0.000       0.000       0.000       0.000       8.054       0.000       0.000       0.000       0.177       0.261       0.052       0.000
   365    12    31  2023     279       0  hru279                 0.000       0.000       0.000       0.000       3.223       0.000       0.000       0.000       1.028       0.726       0.393       0.000
   365    12    31  2023     280       0  hru280                 0.000       0.000       0.000       0.000       2.753       0.000       0.000       0.000       0.866       0.710       0.301       0.000
   365    12    31  2023     281       0  hru281                 0.000       0.000       0.000       0.000       2.668       0.000       0.000       0.000       0.026       0.368       0.018       0.000
   365    12    31  2023     282       0  hru282                 0.000       0.000       0.000       0.000       2.168       0.000       0.000       0.000       0.002       0.272       0.002       0.000
   365    12    31  2023     283       0  hru283                 0.000       0.000       0.000      10.030       0.040       1.955       0.000       0.009       0.000       0.013       0.000       0.000
   365    12    31  2023     284       0  hru284                 0.000       0.000       0.000      10.910       0.000       1.346       0.000       0.000       0.000       0.000       0.000       0.000
   365    12    31  2023     285       0  hru285                 0.001       0.000       0.000      11.145       0.000       1.342       0.000       0.000       0.000       0.000       0.000       0.000
   365    12    31  2023     286       0  hru286                 0.001       0.000       0.000      11.041       0.000       1.365       0.000       0.000       0.000       0.000       0.000       0.000
   365    12    31  2023     287       0  hru287                 0.001       0.000       0.000      10.882       0.000       1.374       0.000       0.000       0.000       0.000       0.000       0.000
   365    12    31  2023     288       0  hru288                 0.000       0.000       0.000       0.107       9.922       0.039       0.000       0.000       4.627       0.885       7.813       0.000
   365    12    31  2023     289       0  hru289                 0.000       0.000       0.000       0.000       6.651       0.000       0.000       0.000       2.367       0.579       1.598       0.000
   365    12    31  2023     290       0  hru290                 0.000       0.000       0.000       0.000       3.740       0.000       0.000       0.000       0.341       0.382       0.086       0.000
   365    12    31  2023     291       0  hru291                 0.000       0.000       0.000       0.000       4.759       0.002       0.000       0.000       7.600       1.140       6.267       0.000
   365    12    31  2023     292       0  hru292                 0.000       0.000       0.000       0.000       4.537       0.000       0.000       0.000       0.280       0.347       0.209       0.000
   365    12    31  2023     293       0  hru293                 0.000       0.000       0.000       0.000       2.955       0.000       0.000       0.000       0.216       0.253       0.107       0.000
   365    12    31  2023     294       0  hru294                 0.277       1.685       0.180       0.431       1.842       0.480       0.000       0.114      30.948       0.522       6.542       0.000
   365    12    31  2023     295       0  hru295                 0.870       4.460       0.507       0.435       4.200       0.222       0.000       0.348      18.416       0.483       4.530       0.000
   365    12    31  2023     296       0  hru296                 0.000       0.000       0.000       0.000      18.698       0.000       0.000       0.000      17.262       0.501       6.180       0.000
   365    12    31  2023     297       0  hru297                 0.002       0.006       0.001       0.030       8.075       0.006       0.000       0.001       8.580       0.746       3.969       0.000
   365    12    31  2023     298       0  hru298                 0.000       0.000       0.000       0.000      29.113       0.000       0.000       0.000       7.510       0.251       1.036       0.000
   365    12    31  2023     299       0  hru299                 0.000       0.000       0.000       0.000       7.056       0.000       0.000       0.000       2.632       0.706       4.947       0.000
   365    12    31  2023     300       0  hru300                 0.000       0.000       0.000       0.000      11.009       0.000       0.000       0.000      80.964       0.021       3.889       0.000
   365    12    31  2023     301       0  hru301                 0.000       0.000       0.000       0.000       7.395       0.000       0.000       0.000       4.158       0.341       2.123       0.000
   365    12    31  2023     302       0  hru302                 0.000       0.000       0.000       0.000       4.081       0.000       0.000       0.000       0.487       0.346       0.407       0.000
   365    12    31  2023     303       0  hru303                 0.000       0.000       0.000       0.000      70.144       0.000       0.000       0.000       1.454       0.884       0.896       0.000
   365    12    31  2023     304       0  hru304                 0.000       0.000       0.000       0.000       8.925       0.000       0.000       0.000       0.252       0.301       0.090       0.000
   365    12    31  2023     305       0  hru305                 0.036       0.000       0.000       0.040       0.086       0.004       0.000       0.000       2.920       0.557       1.603       0.000
   365    12    31  2023     306       0  hru306                 0.001       0.014       0.002       0.048       7.770       0.063       0.000       0.001       2.518       0.514       1.833       0.000
   365    12    31  2023     307       0  hru307                 0.025       0.115       0.009       6.993       0.367       2.707       0.000       0.010       8.373       0.968       9.536       0.000
   365    12    31  2023     308       0  hru308                 0.036       0.000       0.000       0.040       0.262       0.004       0.000       0.000       2.797       0.553       1.515       0.000
   365    12    31  2023     309       0  hru309                 0.000       0.000       0.000       0.000       5.315       0.000       0.000       0.000       0.639       0.296       0.230       0.000
   365    12    31  2023     310       0  hru310                 0.003       0.021       0.002       0.120       0.703       0.023       0.000       0.002       4.173       0.592       2.119       0.000
   365    12    31  2023     311       0  hru311                 0.000       0.000       0.000       0.000       6.855       0.000       0.000       0.000       0.371       0.271       0.126       0.000
   365    12    31  2023     312       0  hru312                 0.036       0.000       0.000       0.040       0.254       0.004       0.000       0.000       2.803       0.553       1.519       0.000
   365    12    31  2023     313       0  hru313                 0.000       0.000       0.000       0.000       6.807       0.000       0.000       0.000       0.000       0.088       0.000       0.000
   365    12    31  2023     314       0  hru314                 0.000       0.000       0.000       0.000       1.816       0.000       0.000       0.000      76.628       0.012       2.769       0.000
