 Mini_CREATE               SWAT+ Jan 11 2024        MODULAR Rev 2024.61.0                                 
       year     plant_no   plant_name       harv_area(ha)    yld(t)         yld(t/ha)      
        2023           1 frsd              0.0000000E+00  0.0000000E+00  0.0000000E+00
        2023           2 frse              0.0000000E+00  0.0000000E+00  0.0000000E+00
        2023           3 frst              0.0000000E+00  0.0000000E+00  0.0000000E+00
        2023           4 orcd               2.072764      0.6837741      0.3298852    
        2023           5 rnge               17.39976      0.0000000E+00  0.0000000E+00
        2023           6 wetl              0.0000000E+00  0.0000000E+00  0.0000000E+00
        2023           7 fesc               821.2141       262.4278      0.3195607    
        2023           8 lupn               148.0904       134.4546      0.9079225    
        2023           9 clvr               168.8419      0.0000000E+00  0.0000000E+00
        2023          10 oats               153.1703       451.6069       2.948397    
        2023          11 barl               86.74461       346.5012       3.994498    
        2023          12 fpea               64.33395       279.4627       4.343939    
        2023          13 pota               215.9353       1437.043       6.654968    
        2023          14 buck               19.62932       26.82905       1.366784    
        2023          15 wwht               236.4173       532.8898       2.254022    
        2023          16 canp               243.7088       1039.117       4.263765    
        2023          17 rye                99.12971       430.6255       4.344061    
        2023          18 trit               129.7862       640.3218       4.933666    
        2023          19 csil               15.67160       134.5511       8.585661    
        2023          20 lmix              0.0000000E+00  0.0000000E+00  0.0000000E+00
