 Mini_CREATE               SWAT+ Jan 11 2024        MODULAR Rev 2024.61.0                                 
       year     plant_no   plant_name       harv_area(ha)    yld(t)         yld(t/ha)      
        2023           1 frsd              0.0000000E+00  0.0000000E+00  0.0000000E+00
        2023           2 frse              0.0000000E+00  0.0000000E+00  0.0000000E+00
        2023           3 frst              0.0000000E+00  0.0000000E+00  0.0000000E+00
        2023           4 orcd               2.072764      0.6934272      0.3345423    
        2023           5 rnge               17.39976      0.0000000E+00  0.0000000E+00
        2023           6 wetl              0.0000000E+00  0.0000000E+00  0.0000000E+00
        2023           7 fesc               821.2141       255.7071      0.3113768    
        2023           8 lupn               148.0904       135.2517      0.9133050    
        2023           9 oats               153.1703       453.8917       2.963314    
        2023          10 barl               86.74461       349.9744       4.034538    
        2023          11 fpea               64.33395       283.3209       4.403909    
        2023          12 pota               215.9353       1487.060       6.886598    
        2023          13 buck               19.62932       26.70599       1.360515    
        2023          14 wwht               236.4173       533.7141       2.257509    
        2023          15 canp               243.7088       1063.743       4.364812    
        2023          16 rye                99.12971       425.1698       4.289025    
        2023          17 trit               129.7862       638.7011       4.921178    
        2023          18 csil               15.67160       135.5148       8.647155    
        2023          19 lmix              0.0000000E+00  0.0000000E+00  0.0000000E+00
