 Mini_CREATE               SWAT+ Jan 11 2024        MODULAR Rev 2024.61.0                                 
       year     plant_no   plant_name       harv_area(ha)    yld(t)         yld(t/ha)      
        2023           1 frsd              0.0000000E+00  0.0000000E+00  0.0000000E+00
        2023           2 frse              0.0000000E+00  0.0000000E+00  0.0000000E+00
        2023           3 frst              0.0000000E+00  0.0000000E+00  0.0000000E+00
        2023           4 orcd               2.072764      0.6837741      0.3298852    
        2023           5 rnge               17.39976      0.0000000E+00  0.0000000E+00
        2023           6 wetl              0.0000000E+00  0.0000000E+00  0.0000000E+00
        2023           7 oats               163.8660       480.6758       2.933347    
        2023           8 lupn               141.0141       128.4523      0.9109180    
        2023           9 fesc               257.7219       240.2330      0.9321406    
        2023          10 barl               86.74461       346.5095       3.994595    
        2023          11 fpea               64.33395       279.4829       4.344253    
        2023          12 clvr               137.7989      0.0000000E+00  0.0000000E+00
        2023          13 pota               215.9353       1437.025       6.654885    
        2023          14 buck               19.62932       26.86033       1.368378    
        2023          15 wwht               236.4173       532.9169       2.254137    
        2023          16 canp               243.7088       1039.177       4.264011    
        2023          17 rye                99.12971       431.1303       4.349153    
        2023          18 trit               129.7862       640.2420       4.933051    
        2023          19 csil               22.32294       195.0176       8.736197    
        2023          20 lmix              0.0000000E+00  0.0000000E+00  0.0000000E+00
