 Mini_CREATE               SWAT+ Jan 11 2024        MODULAR Rev 2024.61.0                                 
       year     plant_no   plant_name       harv_area(ha)    yld(t)         yld(t/ha)      
        2004           1 frsd              0.0000000E+00  0.0000000E+00  0.0000000E+00
        2004           2 frse              0.0000000E+00  0.0000000E+00  0.0000000E+00
        2004           3 frst              0.0000000E+00  0.0000000E+00  0.0000000E+00
        2004           4 orcd               1.975940      5.0435465E-02  2.5524784E-02
        2004           5 rnge               16.58698      0.0000000E+00  0.0000000E+00
        2004           6 wetl              0.0000000E+00  0.0000000E+00  0.0000000E+00
        2004           7 fesc               600.1452       381.8299      0.6362292    
        2004           8 oats               258.0351       876.3303       3.396167    
        2004           9 lupn               59.22221       58.88275      0.9942681    
        2004          10 barl               45.86216       160.9960       3.510432    
        2004          11 fpea               27.80220       101.3876       3.646746    
        2004          12 pota               271.1597       1756.659       6.478318    
        2004          13 buck               33.53731       62.81738       1.873059    
        2004          14 wwht               44.79409       89.16465       1.990545    
        2004          15 canp               324.5222       1229.808       3.789597    
        2004          16 rye                153.3569       971.4084       6.334298    
        2004          17 trit               197.7336       1609.020       8.137308    
        2004          18 csil               11.82012       98.78224       8.357126    
        2004          19 lmix              0.0000000E+00  0.0000000E+00  0.0000000E+00
        2005           1 frsd              0.0000000E+00  0.0000000E+00  0.0000000E+00
        2005           2 frse              0.0000000E+00  0.0000000E+00  0.0000000E+00
        2005           3 frst              0.0000000E+00  0.0000000E+00  0.0000000E+00
        2005           4 orcd               1.975940      0.2319191      0.1173715    
        2005           5 rnge               16.58698      0.0000000E+00  0.0000000E+00
        2005           6 wetl              0.0000000E+00  0.0000000E+00  0.0000000E+00
        2005           7 fesc               542.4399       50.13550      9.2425905E-02
        2005           8 oats               71.96988       201.2097       2.795749    
        2005           9 lupn               166.7163       193.1530       1.158573    
        2005          10 barl               36.47241       128.7392       3.529768    
        2005          11 fpea               85.49305       394.2051       4.610960    
        2005          12 pota               256.7287       1341.247       5.224374    
        2005          13 buck               8.182180       8.646353       1.056730    
        2005          14 wwht               406.5341       525.6169       1.292922    
        2005          15 canp               59.04479       279.4704       4.733194    
        2005          16 rye                111.4482       454.2477       4.075864    
        2005          17 trit               215.2103       958.9880       4.456051    
        2005          18 csil               33.66334       275.9188       8.196417    
        2005          19 lmix              0.0000000E+00  0.0000000E+00  0.0000000E+00
        2006           1 frsd              0.0000000E+00  0.0000000E+00  0.0000000E+00
        2006           2 frse              0.0000000E+00  0.0000000E+00  0.0000000E+00
        2006           3 frst              0.0000000E+00  0.0000000E+00  0.0000000E+00
        2006           4 orcd               1.975940      0.3844418      0.1945614    
        2006           5 rnge               16.58698      0.0000000E+00  0.0000000E+00
        2006           6 wetl              0.0000000E+00  0.0000000E+00  0.0000000E+00
        2006           7 fesc               669.3901       226.7997      0.3388154    
        2006           8 oats               117.5910       330.2419       2.808394    
        2006           9 lupn               150.9647       123.6331      0.8189538    
        2006          10 barl               122.1565       499.1918       4.086493    
        2006          11 fpea               73.09444       352.0235       4.816010    
        2006          12 pota               108.4921       408.3905       3.764242    
        2006          13 buck               24.60551       34.40103       1.398102    
        2006          14 wwht               186.2945       113.2173      0.6077333    
        2006          15 canp               405.8141       2201.902       5.425889    
        2006          16 rye                100.6520       475.7018       4.726203    
        2006          17 trit               87.42445       318.1714       3.639387    
        2006          18 csil               12.01496       99.84084       8.309710    
        2006          19 lmix              0.0000000E+00  0.0000000E+00  0.0000000E+00
        2007           1 frsd              0.0000000E+00  0.0000000E+00  0.0000000E+00
        2007           2 frse              0.0000000E+00  0.0000000E+00  0.0000000E+00
        2007           3 frst              0.0000000E+00  0.0000000E+00  0.0000000E+00
        2007           4 orcd               1.975940      0.5214094      0.2638790    
        2007           5 rnge               16.58698      0.0000000E+00  0.0000000E+00
        2007           6 wetl              0.0000000E+00  0.0000000E+00  0.0000000E+00
        2007           7 fesc               858.0361       197.5398      0.2302232    
        2007           8 oats               195.4970       510.6432       2.612025    
        2007           9 lupn               187.0808       135.7668      0.7257122    
        2007          10 barl               154.4239       650.0568       4.209561    
        2007          11 fpea               5.198920      0.1141121      2.1949187E-02
        2007          12 pota               260.0756       1821.362       7.003202    
        2007          13 buck               9.106939       12.93147       1.419958    
        2007          14 wwht               67.65368       262.5002       3.880059    
        2007          15 canp               298.7375       1055.781       3.534144    
        2007          16 rye                68.76181       285.8686       4.157375    
        2007          17 trit               30.39439       153.3607       5.045692    
        2007          18 csil               23.01024       199.9805       8.690936    
        2007          19 lmix              0.0000000E+00  0.0000000E+00  0.0000000E+00
        2008           1 frsd              0.0000000E+00  0.0000000E+00  0.0000000E+00
        2008           2 frse              0.0000000E+00  0.0000000E+00  0.0000000E+00
        2008           3 frst              0.0000000E+00  0.0000000E+00  0.0000000E+00
        2008           4 orcd               1.975940      0.5997509      0.3035268    
        2008           5 rnge               16.58698      0.0000000E+00  0.0000000E+00
        2008           6 wetl              0.0000000E+00  0.0000000E+00  0.0000000E+00
        2008           7 fesc               1036.708       500.1369      0.4824277    
        2008           8 oats               137.2092       448.6909       3.270124    
        2008           9 lupn               107.4853       115.1320       1.071142    
        2008          10 barl               54.54786       201.0211       3.685224    
        2008          11 fpea               115.0552       580.7656       5.047714    
        2008          12 pota               132.7863       1142.960       8.607513    
        2008          13 buck               18.13002       20.48765       1.130040    
        2008          14 wwht               421.5923       985.9383       2.338606    
        2008          15 canp               73.50423       289.3187       3.936083    
        2008          16 rye                38.27672       159.6034       4.169725    
        2008          17 trit               87.85532       431.6857       4.913597    
        2008          18 csil               27.31302       257.7492       9.436862    
        2008          19 lmix              0.0000000E+00  0.0000000E+00  0.0000000E+00
        2009           1 frsd              0.0000000E+00  0.0000000E+00  0.0000000E+00
        2009           2 frse              0.0000000E+00  0.0000000E+00  0.0000000E+00
        2009           3 frst              0.0000000E+00  0.0000000E+00  0.0000000E+00
        2009           4 orcd               1.975940      0.7025300      0.3555420    
        2009           5 rnge               16.58698      0.0000000E+00  0.0000000E+00
        2009           6 wetl              0.0000000E+00  0.0000000E+00  0.0000000E+00
        2009           7 fesc               600.1452       63.98080      0.1066089    
        2009           8 oats               261.0549       801.8270       3.071488    
        2009           9 lupn               61.88545       51.60408      0.8338645    
        2009          10 barl               45.86216       179.6288       3.916711    
        2009          11 fpea               27.80220       127.7952       4.596586    
        2009          12 pota               271.1597       1945.363       7.174234    
        2009          13 buck               33.53731       41.08081       1.224928    
        2009          14 wwht               44.79409       126.5213       2.824509    
        2009          15 canp               324.5222       1699.725       5.237625    
        2009          16 rye                153.3569       624.1871       4.070159    
        2009          17 trit               197.7336       961.8612       4.864429    
        2009          18 csil               6.137110       55.21309       8.996592    
        2009          19 lmix              0.0000000E+00  0.0000000E+00  0.0000000E+00
        2010           1 frsd              0.0000000E+00  0.0000000E+00  0.0000000E+00
        2010           2 frse              0.0000000E+00  0.0000000E+00  0.0000000E+00
        2010           3 frst              0.0000000E+00  0.0000000E+00  0.0000000E+00
        2010           4 orcd               1.975940      0.7425335      0.3757873    
        2010           5 rnge               16.58698      0.0000000E+00  0.0000000E+00
        2010           6 wetl              0.0000000E+00  0.0000000E+00  0.0000000E+00
        2010           7 fesc               542.4401       58.24990      0.1073850    
        2010           8 oats               68.95012       194.2469       2.817209    
        2010           9 lupn               164.0530       181.3830       1.105636    
        2010          10 barl               36.47241       123.6319       3.389736    
        2010          11 fpea               85.49306       426.5501       4.989295    
        2010          12 pota               256.7286       1439.734       5.607999    
        2010          13 buck               8.182180       9.298879       1.136479    
        2010          14 wwht               406.5341       697.7899       1.716436    
        2010          15 canp               59.04479       273.3219       4.629061    
        2010          16 rye                111.4482       384.2494       3.447784    
        2010          17 trit               215.2103       1093.578       5.081439    
        2010          18 csil               39.34635       277.7744       7.059724    
        2010          19 lmix              0.0000000E+00  0.0000000E+00  0.0000000E+00
        2011           1 frsd              0.0000000E+00  0.0000000E+00  0.0000000E+00
        2011           2 frse              0.0000000E+00  0.0000000E+00  0.0000000E+00
        2011           3 frst              0.0000000E+00  0.0000000E+00  0.0000000E+00
        2011           4 orcd               1.975940      0.8392308      0.4247246    
        2011           5 rnge               16.58698      0.0000000E+00  0.0000000E+00
        2011           6 wetl              0.0000000E+00  0.0000000E+00  0.0000000E+00
        2011           7 fesc               669.3900       219.0094      0.3271775    
        2011           8 oats               117.5910       363.4941       3.091172    
        2011           9 lupn               150.9647       154.6782       1.024599    
        2011          10 barl               122.1565       498.4411       4.080348    
        2011          11 fpea               73.09444       385.6243       5.275700    
        2011          12 pota               108.4921       906.2817       8.353436    
        2011          13 buck               24.60551       31.51711       1.280896    
        2011          14 wwht               186.2945       482.8110       2.591655    
        2011          15 canp               405.8141       1704.519       4.200245    
        2011          16 rye                100.6520       401.6844       3.990824    
        2011          17 trit               87.42445       389.7809       4.458488    
        2011          18 csil               12.01496       109.5185       9.115179    
        2011          19 lmix              0.0000000E+00  0.0000000E+00  0.0000000E+00
        2012           1 frsd              0.0000000E+00  0.0000000E+00  0.0000000E+00
        2012           2 frse              0.0000000E+00  0.0000000E+00  0.0000000E+00
        2012           3 frst              0.0000000E+00  0.0000000E+00  0.0000000E+00
        2012           4 orcd               1.975940      0.8828999      0.4468250    
        2012           5 rnge               16.58698      0.0000000E+00  0.0000000E+00
        2012           6 wetl              0.0000000E+00  0.0000000E+00  0.0000000E+00
        2012           7 fesc               858.0362       295.0655      0.3438847    
        2012           8 oats               198.5167       582.2919       2.933213    
        2012           9 lupn               189.7441       151.8162      0.8001103    
        2012          10 barl               154.4239       664.6962       4.304360    
        2012          11 fpea               5.198920      0.4655409      8.9545682E-02
        2012          12 pota               260.0756       2080.235       7.998580    
        2012          13 buck               9.106939       13.94199       1.530919    
        2012          14 wwht               67.65368       167.9096       2.481899    
        2012          15 canp               298.7375       1485.034       4.971031    
        2012          16 rye                68.76181       281.3371       4.091473    
        2012          17 trit               30.39439       152.5341       5.018495    
        2012          18 csil               17.32723       159.4705       9.203462    
        2012          19 lmix              0.0000000E+00  0.0000000E+00  0.0000000E+00
        2013           1 frsd              0.0000000E+00  0.0000000E+00  0.0000000E+00
        2013           2 frse              0.0000000E+00  0.0000000E+00  0.0000000E+00
        2013           3 frst              0.0000000E+00  0.0000000E+00  0.0000000E+00
        2013           4 orcd               1.975940      0.9475273      0.4795322    
        2013           5 rnge               16.58698      0.0000000E+00  0.0000000E+00
        2013           6 wetl              0.0000000E+00  0.0000000E+00  0.0000000E+00
        2013           7 fesc               1036.708       516.8502      0.4985492    
        2013           8 oats               134.1894       435.8234       3.247823    
        2013           9 lupn               104.8220       95.84254      0.9143359    
        2013          10 barl               54.54786       230.0223       4.216888    
        2013          11 fpea               115.0552       450.7070       3.917312    
        2013          12 pota               132.7863       896.4070       6.750749    
        2013          13 buck               18.13002       22.48473       1.240193    
        2013          14 wwht               421.5923       704.4225       1.670862    
        2013          15 canp               73.50422       380.8244       5.180987    
        2013          16 rye                38.27672       165.0822       4.312861    
        2013          17 trit               87.85533       433.2578       4.931491    
        2013          18 csil               32.99603       332.4732       10.07616    
        2013          19 lmix              0.0000000E+00  0.0000000E+00  0.0000000E+00
        2014           1 frsd              0.0000000E+00  0.0000000E+00  0.0000000E+00
        2014           2 frse              0.0000000E+00  0.0000000E+00  0.0000000E+00
        2014           3 frst              0.0000000E+00  0.0000000E+00  0.0000000E+00
        2014           4 orcd               1.975940      0.9883684      0.5002014    
        2014           5 rnge               16.58698      0.0000000E+00  0.0000000E+00
        2014           6 wetl              0.0000000E+00  0.0000000E+00  0.0000000E+00
        2014           7 fesc               600.1453       66.32567      0.1105160    
        2014           8 oats               261.0549       682.4540       2.614216    
        2014           9 lupn               61.88545       59.09626      0.9549299    
        2014          10 barl               45.86216       222.6657       4.855106    
        2014          11 fpea               27.80220       161.8397       5.821112    
        2014          12 pota               271.1597       1648.290       6.078671    
        2014          13 buck               33.53731       41.10434       1.225630    
        2014          14 wwht               44.79409       149.7095       3.342171    
        2014          15 canp               324.5222       1525.028       4.699302    
        2014          16 rye                153.3569       677.8320       4.419963    
        2014          17 trit               197.7336       912.5568       4.615082    
        2014          18 csil               6.137110       58.44974       9.523983    
        2014          19 lmix              0.0000000E+00  0.0000000E+00  0.0000000E+00
        2015           1 frsd              0.0000000E+00  0.0000000E+00  0.0000000E+00
        2015           2 frse              0.0000000E+00  0.0000000E+00  0.0000000E+00
        2015           3 frst              0.0000000E+00  0.0000000E+00  0.0000000E+00
        2015           4 orcd               1.975940       1.013992      0.5131691    
        2015           5 rnge               16.58698      0.0000000E+00  0.0000000E+00
        2015           6 wetl              0.0000000E+00  0.0000000E+00  0.0000000E+00
        2015           7 fesc               542.4399       93.41180      0.1722067    
        2015           8 oats               71.96989       210.8488       2.929680    
        2015           9 lupn               166.7163       180.4073       1.082122    
        2015          10 barl               36.47241       139.3347       3.820275    
        2015          11 fpea               85.49305       356.6139       4.171262    
        2015          12 pota               256.7287       2004.401       7.807467    
        2015          13 buck               8.182180       10.01027       1.223423    
        2015          14 wwht               406.5341       978.5627       2.407087    
        2015          15 canp               59.04478       342.1791       5.795247    
        2015          16 rye                111.4482       431.9654       3.875930    
        2015          17 trit               215.2103       1198.309       5.568086    
        2015          18 csil               33.66334       233.3288       6.931245    
        2015          19 lmix              0.0000000E+00  0.0000000E+00  0.0000000E+00
        2016           1 frsd              0.0000000E+00  0.0000000E+00  0.0000000E+00
        2016           2 frse              0.0000000E+00  0.0000000E+00  0.0000000E+00
        2016           3 frst              0.0000000E+00  0.0000000E+00  0.0000000E+00
        2016           4 orcd               1.975940       1.035148      0.5238761    
        2016           5 rnge               16.58698      0.0000000E+00  0.0000000E+00
        2016           6 wetl              0.0000000E+00  0.0000000E+00  0.0000000E+00
        2016           7 fesc               669.3902       252.9978      0.3779526    
        2016           8 oats               114.5713       343.2947       2.996342    
        2016           9 lupn               148.3014       134.4142      0.9063581    
        2016          10 barl               122.1565       497.4772       4.072457    
        2016          11 fpea               73.09443       393.7152       5.386391    
        2016          12 pota               108.4921       902.5031       8.318607    
        2016          13 buck               24.60551       37.93528       1.541739    
        2016          14 wwht               186.2945       631.3485       3.388982    
        2016          15 canp               405.8141       2004.478       4.939400    
        2016          16 rye                100.6520       462.1589       4.591652    
        2016          17 trit               87.42446       406.4251       4.648871    
        2016          18 csil               17.69797       163.5478       9.241049    
        2016          19 lmix              0.0000000E+00  0.0000000E+00  0.0000000E+00
        2017           1 frsd              0.0000000E+00  0.0000000E+00  0.0000000E+00
        2017           2 frse              0.0000000E+00  0.0000000E+00  0.0000000E+00
        2017           3 frst              0.0000000E+00  0.0000000E+00  0.0000000E+00
        2017           4 orcd               1.975940       1.035086      0.5238444    
        2017           5 rnge               16.58698      0.0000000E+00  0.0000000E+00
        2017           6 wetl              0.0000000E+00  0.0000000E+00  0.0000000E+00
        2017           7 fesc               858.0362       302.5107      0.3525617    
        2017           8 oats               198.5168       606.1131       3.053209    
        2017           9 lupn               189.7441       180.1766      0.9495770    
        2017          10 barl               154.4239       528.7578       3.424067    
        2017          11 fpea               5.198920      0.2589948      4.9817029E-02
        2017          12 pota               260.0756       2233.940       8.589580    
        2017          13 buck               9.106939       14.20200       1.559470    
        2017          14 wwht               67.65368       177.7093       2.626750    
        2017          15 canp               298.7375       1454.974       4.870408    
        2017          16 rye                68.76181       276.6710       4.023614    
        2017          17 trit               30.39439       150.4460       4.949795    
        2017          18 csil               17.32723       168.7395       9.738399    
        2017          19 lmix              0.0000000E+00  0.0000000E+00  0.0000000E+00
        2018           1 frsd              0.0000000E+00  0.0000000E+00  0.0000000E+00
        2018           2 frse              0.0000000E+00  0.0000000E+00  0.0000000E+00
        2018           3 frst              0.0000000E+00  0.0000000E+00  0.0000000E+00
        2018           4 orcd               1.975940       1.099818      0.5566047    
        2018           5 rnge               16.58698      0.0000000E+00  0.0000000E+00
        2018           6 wetl              0.0000000E+00  0.0000000E+00  0.0000000E+00
        2018           7 fesc               1036.708       426.5062      0.4114042    
        2018           8 oats               137.2092       430.5025       3.137564    
        2018           9 lupn               107.4853       98.01974      0.9119364    
        2018          10 barl               54.54786       233.8369       4.286820    
        2018          11 fpea               115.0552       325.9692       2.833156    
        2018          12 pota               132.7863       682.4417       5.139398    
        2018          13 buck               18.13002       22.65780       1.249739    
        2018          14 wwht               421.5923       1201.299       2.849433    
        2018          15 canp               73.50423       197.6628       2.689134    
        2018          16 rye                38.27672       155.8145       4.070739    
        2018          17 trit               87.85532       337.4618       3.841108    
        2018          18 csil               27.31302       276.3272       10.11705    
        2018          19 lmix              0.0000000E+00  0.0000000E+00  0.0000000E+00
        2019           1 frsd              0.0000000E+00  0.0000000E+00  0.0000000E+00
        2019           2 frse              0.0000000E+00  0.0000000E+00  0.0000000E+00
        2019           3 frst              0.0000000E+00  0.0000000E+00  0.0000000E+00
        2019           4 orcd               1.975940      6.3627899E-02  3.2201316E-02
        2019           5 rnge               16.58698      0.0000000E+00  0.0000000E+00
        2019           6 wetl              0.0000000E+00  0.0000000E+00  0.0000000E+00
        2019           7 fesc               600.1452       75.96795      0.1265826    
        2019           8 oats               258.0352       624.0787       2.418580    
        2019           9 lupn               59.22220       43.83514      0.7401808    
        2019          10 barl               45.86216       217.7080       4.747007    
        2019          11 fpea               27.80220       159.0422       5.720490    
        2019          12 pota               271.1597       1798.062       6.631007    
        2019          13 buck               33.53731       44.70856       1.333099    
        2019          14 wwht               44.79409       124.4755       2.778838    
        2019          15 canp               324.5222       785.7078       2.421122    
        2019          16 rye                153.3569       622.0364       4.056135    
        2019          17 trit               197.7336       705.1948       3.566387    
        2019          18 csil               11.82012       117.5908       9.948361    
        2019          19 lmix              0.0000000E+00  0.0000000E+00  0.0000000E+00
        2020           1 frsd              0.0000000E+00  0.0000000E+00  0.0000000E+00
        2020           2 frse              0.0000000E+00  0.0000000E+00  0.0000000E+00
        2020           3 frst              0.0000000E+00  0.0000000E+00  0.0000000E+00
        2020           4 orcd               1.975940      0.2714076      0.1373561    
        2020           5 rnge               16.58698      0.0000000E+00  0.0000000E+00
        2020           6 wetl              0.0000000E+00  0.0000000E+00  0.0000000E+00
        2020           7 fesc               542.4400       37.62835      6.9368683E-02
        2020           8 oats               71.96988       197.9816       2.750895    
        2020           9 lupn               166.7163       142.2331      0.8531448    
        2020          10 barl               36.47241       165.5834       4.539964    
        2020          11 fpea               85.49304       376.9639       4.409293    
        2020          12 pota               256.7287       1543.928       6.013850    
        2020          13 buck               8.182180       9.953501       1.216485    
        2020          14 wwht               406.5341       1382.579       3.400893    
        2020          15 canp               59.04479       311.1266       5.269331    
        2020          16 rye                111.4482       479.2805       4.300478    
        2020          17 trit               215.2103       1155.098       5.367298    
        2020          18 csil               33.66334       258.0574       7.665829    
        2020          19 lmix              0.0000000E+00  0.0000000E+00  0.0000000E+00
        2021           1 frsd              0.0000000E+00  0.0000000E+00  0.0000000E+00
        2021           2 frse              0.0000000E+00  0.0000000E+00  0.0000000E+00
        2021           3 frst              0.0000000E+00  0.0000000E+00  0.0000000E+00
        2021           4 orcd               1.975940      0.4408423      0.2231050    
        2021           5 rnge               16.58698      0.0000000E+00  0.0000000E+00
        2021           6 wetl              0.0000000E+00  0.0000000E+00  0.0000000E+00
        2021           7 fesc               669.3900       264.8081      0.3955962    
        2021           8 oats               117.5910       308.0931       2.620039    
        2021           9 lupn               150.9647       85.96869      0.5694623    
        2021          10 barl               122.1565       452.2485       3.702205    
        2021          11 fpea               73.09443       359.8029       4.922439    
        2021          12 pota               108.4921       585.0170       5.392256    
        2021          13 buck               24.60551       36.53560       1.484854    
        2021          14 wwht               186.2945       371.6912       1.995181    
        2021          15 canp               405.8141       997.0222       2.456844    
        2021          16 rye                100.6520       448.9741       4.460658    
        2021          17 trit               87.42446       338.1566       3.867986    
        2021          18 csil               12.01496       101.5607       8.452857    
        2021          19 lmix              0.0000000E+00  0.0000000E+00  0.0000000E+00
        2022           1 frsd              0.0000000E+00  0.0000000E+00  0.0000000E+00
        2022           2 frse              0.0000000E+00  0.0000000E+00  0.0000000E+00
        2022           3 frst              0.0000000E+00  0.0000000E+00  0.0000000E+00
        2022           4 orcd               1.975940      0.5386808      0.2726199    
        2022           5 rnge               16.58698      0.0000000E+00  0.0000000E+00
        2022           6 wetl              0.0000000E+00  0.0000000E+00  0.0000000E+00
        2022           7 fesc               858.0361       348.8602      0.4065798    
        2022           8 oats               195.4970       545.4289       2.789961    
        2022           9 lupn               187.0808       155.1983      0.8295788    
        2022          10 barl               154.4239       650.6713       4.213540    
        2022          11 fpea               5.198920       2.181794      0.4196628    
        2022          12 pota               260.0756       1557.003       5.986732    
        2022          13 buck               9.106939       14.75620       1.620325    
        2022          14 wwht               67.65368       170.5445       2.520847    
        2022          15 canp               298.7375       1369.526       4.584381    
        2022          16 rye                68.76181       278.4366       4.049292    
        2022          17 trit               30.39439       148.4324       4.883547    
        2022          18 csil               23.01024       221.0115       9.604918    
        2022          19 lmix              0.0000000E+00  0.0000000E+00  0.0000000E+00
        2023           1 frsd              0.0000000E+00  0.0000000E+00  0.0000000E+00
        2023           2 frse              0.0000000E+00  0.0000000E+00  0.0000000E+00
        2023           3 frst              0.0000000E+00  0.0000000E+00  0.0000000E+00
        2023           4 orcd               1.975940      0.6470184      0.3274483    
        2023           5 rnge               16.58698      0.0000000E+00  0.0000000E+00
        2023           6 wetl              0.0000000E+00  0.0000000E+00  0.0000000E+00
        2023           7 fesc               1036.708       633.8272      0.6113843    
        2023           8 oats               137.2092       453.6199       3.306046    
        2023           9 lupn               107.4853       103.5650      0.9635273    
        2023          10 barl               54.54786       200.3990       3.673820    
        2023          11 fpea               115.0552       363.8012       3.161973    
        2023          12 pota               132.7863       750.2988       5.650424    
        2023          13 buck               18.13002       26.68749       1.472005    
        2023          14 wwht               421.5923       814.4042       1.931734    
        2023          15 canp               73.50422       223.9628       3.046938    
        2023          16 rye                38.27672       168.8487       4.411264    
        2023          17 trit               87.85532       351.1984       3.997463    
        2023          18 csil               27.31302       255.5106       9.354901    
        2023          19 lmix              0.0000000E+00  0.0000000E+00  0.0000000E+00
