 Mini_CREATE               SWAT+ Jan 11 2024        MODULAR Rev 2024.61.0                                 
       year     plant_no   plant_name       harv_area(ha)    yld(t)         yld(t/ha)      
        2023           1 frsd              0.0000000E+00  0.0000000E+00  0.0000000E+00
        2023           2 frse              0.0000000E+00  0.0000000E+00  0.0000000E+00
        2023           3 frst              0.0000000E+00  0.0000000E+00  0.0000000E+00
        2023           4 orcd               2.072764      0.6837741      0.3298852    
        2023           5 rnge               17.39976      0.0000000E+00  0.0000000E+00
        2023           6 wetl              0.0000000E+00  0.0000000E+00  0.0000000E+00
        2023           7 fesc               777.6708       262.9029      0.3380645    
        2023           8 oats               163.8660       479.7720       2.927831    
        2023           9 lupn               141.0141       128.2302      0.9093432    
        2023          10 barl               86.74461       348.5363       4.017960    
        2023          11 fpea               64.33395       279.0252       4.337139    
        2023          12 pota               215.9353       1439.467       6.666195    
        2023          13 buck               19.62932       27.07254       1.379189    
        2023          14 wwht               236.4173       532.7991       2.253638    
        2023          15 canp               243.7088       1039.108       4.263728    
        2023          16 rye                99.12971       430.3731       4.341515    
        2023          17 trit               129.7862       640.1801       4.932573    
        2023          18 csil               22.32294       195.1586       8.742512    
        2023          19 lmix              0.0000000E+00  0.0000000E+00  0.0000000E+00
