 Mini_CREATE               SWAT+ Jan 11 2024        MODULAR Rev 2024.61.0                                 
        jday        mon        day         yr            unit              gis_id     name                  npp_c         harv_c         drop_c      grazeat_c         emit_c
                                                                                                          kg C/ha        kg C/ha        kg C/ha        kg C/ha        kg C/ha
         365          12          31        2023           1                     0 hru001            0.0000000E+00  0.0000000E+00  2.5638867E+08  0.0000000E+00  0.0000000E+00
         365          12          31        2023           2                     0 hru002            0.0000000E+00  0.0000000E+00  2.5609986E+08  0.0000000E+00  0.0000000E+00
         365          12          31        2023           3                     0 hru003            0.0000000E+00  0.0000000E+00  2.5353928E+08  0.0000000E+00  0.0000000E+00
         365          12          31        2023           4                     0 hru004            0.0000000E+00  0.0000000E+00  2.5304427E+08  0.0000000E+00  0.0000000E+00
         365          12          31        2023           5                     0 hru005            0.0000000E+00  0.0000000E+00  2.5368930E+08  0.0000000E+00  0.0000000E+00
         365          12          31        2023           6                     0 hru006            0.0000000E+00  0.0000000E+00  2.5334112E+08  0.0000000E+00  0.0000000E+00
         365          12          31        2023           7                     0 hru007            0.0000000E+00  0.0000000E+00  2.5416491E+08  0.0000000E+00  0.0000000E+00
         365          12          31        2023           8                     0 hru008            0.0000000E+00  0.0000000E+00  2.5299280E+08  0.0000000E+00  0.0000000E+00
         365          12          31        2023           9                     0 hru009            0.0000000E+00  0.0000000E+00  2.2699142E+08  0.0000000E+00  0.0000000E+00
         365          12          31        2023          10                     0 hru010            0.0000000E+00  0.0000000E+00  2.5421128E+08  0.0000000E+00  0.0000000E+00
         365          12          31        2023          11                     0 hru011            0.0000000E+00  0.0000000E+00  2.5417421E+08  0.0000000E+00  0.0000000E+00
         365          12          31        2023          12                     0 hru012            0.0000000E+00  0.0000000E+00  2.5507730E+08  0.0000000E+00  0.0000000E+00
         365          12          31        2023          13                     0 hru013            0.0000000E+00  0.0000000E+00  2.5394067E+08  0.0000000E+00  0.0000000E+00
         365          12          31        2023          14                     0 hru014            0.0000000E+00  0.0000000E+00  2.5404043E+08  0.0000000E+00  0.0000000E+00
         365          12          31        2023          15                     0 hru015            0.0000000E+00  0.0000000E+00  2.5364726E+08  0.0000000E+00  0.0000000E+00
         365          12          31        2023          16                     0 hru016            0.0000000E+00  0.0000000E+00  2.3576845E+08  0.0000000E+00  0.0000000E+00
         365          12          31        2023          17                     0 hru017            0.0000000E+00  0.0000000E+00  2.5659221E+08  0.0000000E+00  0.0000000E+00
         365          12          31        2023          18                     0 hru018            0.0000000E+00  0.0000000E+00  2.4857758E+08  0.0000000E+00  0.0000000E+00
         365          12          31        2023          19                     0 hru019            0.0000000E+00  0.0000000E+00  2.3999635E+08  0.0000000E+00  0.0000000E+00
         365          12          31        2023          20                     0 hru020            0.0000000E+00  0.0000000E+00  2.4486299E+08  0.0000000E+00  0.0000000E+00
         365          12          31        2023          21                     0 hru021            0.0000000E+00  0.0000000E+00  2.5729715E+08  0.0000000E+00  0.0000000E+00
         365          12          31        2023          22                     0 hru022            0.0000000E+00  0.0000000E+00  2.5743600E+08  0.0000000E+00  0.0000000E+00
         365          12          31        2023          23                     0 hru023            0.0000000E+00  0.0000000E+00  2.4133920E+08  0.0000000E+00  0.0000000E+00
         365          12          31        2023          24                     0 hru024            0.0000000E+00  0.0000000E+00  2.4146629E+08  0.0000000E+00  0.0000000E+00
         365          12          31        2023          25                     0 hru025            0.0000000E+00  0.0000000E+00  2.5654499E+08  0.0000000E+00  0.0000000E+00
         365          12          31        2023          26                     0 hru026            0.0000000E+00  0.0000000E+00  2.5722874E+08  0.0000000E+00  0.0000000E+00
         365          12          31        2023          27                     0 hru027            0.0000000E+00  0.0000000E+00  2.5553594E+08  0.0000000E+00  0.0000000E+00
         365          12          31        2023          28                     0 hru028            0.0000000E+00  0.0000000E+00  2.5647560E+08  0.0000000E+00  0.0000000E+00
         365          12          31        2023          29                     0 hru029            0.0000000E+00  0.0000000E+00  2.5363829E+08  0.0000000E+00  0.0000000E+00
         365          12          31        2023          30                     0 hru030            0.0000000E+00  0.0000000E+00  2.5663288E+08  0.0000000E+00  0.0000000E+00
         365          12          31        2023          31                     0 hru031            0.0000000E+00  0.0000000E+00  2.4907170E+08  0.0000000E+00  0.0000000E+00
         365          12          31        2023          32                     0 hru032            0.0000000E+00  0.0000000E+00   1006928.      0.0000000E+00  0.0000000E+00
         365          12          31        2023          33                     0 hru033            0.0000000E+00  0.0000000E+00  2.3881156E+07  0.0000000E+00  0.0000000E+00
         365          12          31        2023          34                     0 hru034            0.0000000E+00  0.0000000E+00  1.1546958E+08  0.0000000E+00  0.0000000E+00
         365          12          31        2023          35                     0 hru035            0.0000000E+00  0.0000000E+00  1.1560773E+08  0.0000000E+00  0.0000000E+00
         365          12          31        2023          36                     0 hru036            0.0000000E+00  0.0000000E+00  1.1597824E+08  0.0000000E+00  0.0000000E+00
         365          12          31        2023          37                     0 hru037            0.0000000E+00  0.0000000E+00  1.1316654E+08  0.0000000E+00  0.0000000E+00
         365          12          31        2023          38                     0 hru038            0.0000000E+00  0.0000000E+00  1.1566963E+08  0.0000000E+00  0.0000000E+00
         365          12          31        2023          39                     0 hru039            0.0000000E+00  0.0000000E+00  1.1560179E+08  0.0000000E+00  0.0000000E+00
         365          12          31        2023          40                     0 hru040            0.0000000E+00  0.0000000E+00  1.1116002E+08  0.0000000E+00  0.0000000E+00
         365          12          31        2023          41                     0 hru041            0.0000000E+00  0.0000000E+00  1.1247758E+08  0.0000000E+00  0.0000000E+00
         365          12          31        2023          42                     0 hru042            0.0000000E+00  0.0000000E+00  1.1290731E+08  0.0000000E+00  0.0000000E+00
         365          12          31        2023          43                     0 hru043            0.0000000E+00  0.0000000E+00  2.2640355E+08  0.0000000E+00  0.0000000E+00
         365          12          31        2023          44                     0 hru044            0.0000000E+00  0.0000000E+00  3.5295379E+08  0.0000000E+00  0.0000000E+00
         365          12          31        2023          45                     0 hru045            0.0000000E+00  0.0000000E+00  1.9505971E+08  0.0000000E+00  0.0000000E+00
         365          12          31        2023          46                     0 hru046            0.0000000E+00  0.0000000E+00  3.1340541E+08  0.0000000E+00  0.0000000E+00
         365          12          31        2023          47                     0 hru047            0.0000000E+00  0.0000000E+00  1.9492854E+08  0.0000000E+00  0.0000000E+00
         365          12          31        2023          48                     0 hru048            0.0000000E+00  0.0000000E+00  1.9296064E+08  0.0000000E+00  0.0000000E+00
         365          12          31        2023          49                     0 hru049            0.0000000E+00  0.0000000E+00  1.9736422E+08  0.0000000E+00  0.0000000E+00
         365          12          31        2023          50                     0 hru050            0.0000000E+00  0.0000000E+00  1.9736458E+08  0.0000000E+00  0.0000000E+00
         365          12          31        2023          51                     0 hru051            0.0000000E+00  0.0000000E+00  1.9735510E+08  0.0000000E+00  0.0000000E+00
         365          12          31        2023          52                     0 hru052            0.0000000E+00  0.0000000E+00  3.0181866E+08  0.0000000E+00  0.0000000E+00
         365          12          31        2023          53                     0 hru053            0.0000000E+00  0.0000000E+00  2.9845110E+08  0.0000000E+00  0.0000000E+00
         365          12          31        2023          54                     0 hru054            0.0000000E+00  0.0000000E+00  1.9736542E+08  0.0000000E+00  0.0000000E+00
         365          12          31        2023          55                     0 hru055            0.0000000E+00  0.0000000E+00  2.5717214E+08  0.0000000E+00  0.0000000E+00
         365          12          31        2023          56                     0 hru056            0.0000000E+00  0.0000000E+00  2.5354091E+08  0.0000000E+00  0.0000000E+00
         365          12          31        2023          57                     0 hru057            0.0000000E+00  0.0000000E+00  2.5684120E+08  0.0000000E+00  0.0000000E+00
         365          12          31        2023          58                     0 hru058            0.0000000E+00  0.0000000E+00  2.5477738E+08  0.0000000E+00  0.0000000E+00
         365          12          31        2023          59                     0 hru059            0.0000000E+00  0.0000000E+00  2.5660120E+08  0.0000000E+00  0.0000000E+00
         365          12          31        2023          60                     0 hru060            0.0000000E+00  0.0000000E+00  2.5430738E+08  0.0000000E+00  0.0000000E+00
         365          12          31        2023          61                     0 hru061            0.0000000E+00  0.0000000E+00  2.5249016E+08  0.0000000E+00  0.0000000E+00
         365          12          31        2023          62                     0 hru062            0.0000000E+00  0.0000000E+00  2.4741771E+08  0.0000000E+00  0.0000000E+00
         365          12          31        2023          63                     0 hru063            0.0000000E+00  0.0000000E+00   2808548.      0.0000000E+00  0.0000000E+00
         365          12          31        2023          64                     0 hru064            0.0000000E+00  0.0000000E+00   3268213.      0.0000000E+00  0.0000000E+00
         365          12          31        2023          65                     0 hru065            0.0000000E+00  0.0000000E+00   3290250.      0.0000000E+00  0.0000000E+00
         365          12          31        2023          66                     0 hru066            0.0000000E+00  0.0000000E+00   3253768.      0.0000000E+00  0.0000000E+00
         365          12          31        2023          67                     0 hru067            0.0000000E+00  0.0000000E+00   3348550.      0.0000000E+00  0.0000000E+00
         365          12          31        2023          68                     0 hru068            0.0000000E+00  0.0000000E+00   3264838.      0.0000000E+00  0.0000000E+00
         365          12          31        2023          69                     0 hru069            0.0000000E+00  0.0000000E+00   3398244.      0.0000000E+00  0.0000000E+00
         365          12          31        2023          70                     0 hru070            0.0000000E+00  0.0000000E+00   3271762.      0.0000000E+00  0.0000000E+00
         365          12          31        2023          71                     0 hru071            0.0000000E+00  0.0000000E+00   3349740.      0.0000000E+00  0.0000000E+00
         365          12          31        2023          72                     0 hru072            0.0000000E+00  0.0000000E+00   3268474.      0.0000000E+00  0.0000000E+00
         365          12          31        2023          73                     0 hru073            0.0000000E+00  0.0000000E+00   1958869.      0.0000000E+00  0.0000000E+00
         365          12          31        2023          74                     0 hru074            0.0000000E+00  0.0000000E+00   3135925.      0.0000000E+00  0.0000000E+00
         365          12          31        2023          75                     0 hru075            0.0000000E+00  0.0000000E+00   3112924.      0.0000000E+00  0.0000000E+00
         365          12          31        2023          76                     0 hru076            0.0000000E+00  0.0000000E+00   3339754.      0.0000000E+00  0.0000000E+00
         365          12          31        2023          77                     0 hru077            0.0000000E+00  0.0000000E+00   3322539.      0.0000000E+00  0.0000000E+00
         365          12          31        2023          78                     0 hru078            0.0000000E+00  0.0000000E+00   3299397.      0.0000000E+00  0.0000000E+00
         365          12          31        2023          79                     0 hru079            0.0000000E+00  0.0000000E+00   1836322.      0.0000000E+00  0.0000000E+00
         365          12          31        2023          80                     0 hru080            0.0000000E+00  0.0000000E+00   3284270.      0.0000000E+00  0.0000000E+00
         365          12          31        2023          81                     0 hru081            0.0000000E+00  0.0000000E+00   1159057.      0.0000000E+00  0.0000000E+00
         365          12          31        2023          82                     0 hru082            0.0000000E+00  0.0000000E+00   2704386.      0.0000000E+00  0.0000000E+00
         365          12          31        2023          83                     0 hru083            0.0000000E+00  0.0000000E+00   2768120.      0.0000000E+00  0.0000000E+00
         365          12          31        2023          84                     0 hru084            0.0000000E+00  0.0000000E+00   3278897.      0.0000000E+00  0.0000000E+00
         365          12          31        2023          85                     0 hru085            0.0000000E+00  0.0000000E+00   3289814.      0.0000000E+00  0.0000000E+00
         365          12          31        2023          86                     0 hru086            0.0000000E+00  0.0000000E+00   2390355.      0.0000000E+00  0.0000000E+00
         365          12          31        2023          87                     0 hru087            0.0000000E+00  0.0000000E+00   1131673.      0.0000000E+00  0.0000000E+00
         365          12          31        2023          88                     0 hru088            0.0000000E+00  0.0000000E+00   3258496.      0.0000000E+00  0.0000000E+00
         365          12          31        2023          89                     0 hru089            0.0000000E+00  0.0000000E+00   3203484.      0.0000000E+00  0.0000000E+00
         365          12          31        2023          90                     0 hru090            0.0000000E+00  0.0000000E+00   3357763.      0.0000000E+00  0.0000000E+00
         365          12          31        2023          91                     0 hru091            0.0000000E+00  0.0000000E+00   3249292.      0.0000000E+00  0.0000000E+00
         365          12          31        2023          92                     0 hru092            0.0000000E+00  0.0000000E+00   2952021.      0.0000000E+00  0.0000000E+00
         365          12          31        2023          93                     0 hru093            0.0000000E+00  0.0000000E+00   3128755.      0.0000000E+00  0.0000000E+00
         365          12          31        2023          94                     0 hru094            0.0000000E+00  0.0000000E+00   3309870.      0.0000000E+00  0.0000000E+00
         365          12          31        2023          95                     0 hru095            0.0000000E+00  0.0000000E+00   1292425.      0.0000000E+00  0.0000000E+00
         365          12          31        2023          96                     0 hru096            0.0000000E+00  0.0000000E+00   3147960.      0.0000000E+00  0.0000000E+00
         365          12          31        2023          97                     0 hru097            0.0000000E+00  0.0000000E+00   3212859.      0.0000000E+00  0.0000000E+00
         365          12          31        2023          98                     0 hru098            0.0000000E+00  0.0000000E+00   3109563.      0.0000000E+00  0.0000000E+00
         365          12          31        2023          99                     0 hru099            0.0000000E+00  0.0000000E+00   1830465.      0.0000000E+00  0.0000000E+00
         365          12          31        2023         100                     0 hru100            0.0000000E+00  0.0000000E+00   1424633.      0.0000000E+00  0.0000000E+00
         365          12          31        2023         101                     0 hru101            0.0000000E+00  0.0000000E+00   3389756.      0.0000000E+00  0.0000000E+00
         365          12          31        2023         102                     0 hru102            0.0000000E+00   544573.3       1544522.      0.0000000E+00  0.0000000E+00
         365          12          31        2023         103                     0 hru103            0.0000000E+00   373622.2       1061068.      0.0000000E+00  0.0000000E+00
         365          12          31        2023         104                     0 hru104            0.0000000E+00   671404.6       1999381.      0.0000000E+00  0.0000000E+00
         365          12          31        2023         105                     0 hru105            0.0000000E+00   597765.4       4437192.      0.0000000E+00  0.0000000E+00
         365          12          31        2023         106                     0 hru106            0.0000000E+00   718060.8       1575055.      0.0000000E+00  0.0000000E+00
         365          12          31        2023         107                     0 hru107            0.0000000E+00   846335.3       1648810.      0.0000000E+00  0.0000000E+00
         365          12          31        2023         108                     0 hru108            0.0000000E+00   407022.6       838191.8      0.0000000E+00  0.0000000E+00
         365          12          31        2023         109                     0 hru109            0.0000000E+00   949832.9       1402938.      0.0000000E+00  0.0000000E+00
         365          12          31        2023         110                     0 hru110            0.0000000E+00   862197.4       1539542.      0.0000000E+00  0.0000000E+00
         365          12          31        2023         111                     0 hru111            0.0000000E+00   751486.7       1459738.      0.0000000E+00  0.0000000E+00
         365          12          31        2023         112                     0 hru112            0.0000000E+00   791158.7       1157217.      0.0000000E+00  0.0000000E+00
         365          12          31        2023         113                     0 hru113            0.0000000E+00   1305326.       1820266.      0.0000000E+00  0.0000000E+00
         365          12          31        2023         114                     0 hru114            0.0000000E+00   564049.1       2189227.      0.0000000E+00  0.0000000E+00
         365          12          31        2023         115                     0 hru115            0.0000000E+00   1078588.       1887484.      0.0000000E+00  0.0000000E+00
         365          12          31        2023         116                     0 hru116            0.0000000E+00   984824.4       1837040.      0.0000000E+00  0.0000000E+00
         365          12          31        2023         117                     0 hru117            0.0000000E+00   1064064.       1990627.      0.0000000E+00  0.0000000E+00
         365          12          31        2023         118                     0 hru118            0.0000000E+00   1067025.       1984214.      0.0000000E+00  0.0000000E+00
         365          12          31        2023         119                     0 hru119            0.0000000E+00   1342950.       1648802.      0.0000000E+00  0.0000000E+00
         365          12          31        2023         120                     0 hru120            0.0000000E+00   651817.6       1164676.      0.0000000E+00  0.0000000E+00
         365          12          31        2023         121                     0 hru121            0.0000000E+00   451644.0       827737.5      0.0000000E+00  0.0000000E+00
         365          12          31        2023         122                     0 hru122            0.0000000E+00   1031025.       1491533.      0.0000000E+00  0.0000000E+00
         365          12          31        2023         123                     0 hru123            0.0000000E+00   723529.9       1685244.      0.0000000E+00  0.0000000E+00
         365          12          31        2023         124                     0 hru124            0.0000000E+00   1036017.       1392871.      0.0000000E+00  0.0000000E+00
         365          12          31        2023         125                     0 hru125            0.0000000E+00   1443291.       2282648.      0.0000000E+00  0.0000000E+00
         365          12          31        2023         126                     0 hru126            0.0000000E+00   1015297.       1735620.      0.0000000E+00  0.0000000E+00
         365          12          31        2023         127                     0 hru127            0.0000000E+00   1054969.       1985358.      0.0000000E+00  0.0000000E+00
         365          12          31        2023         128                     0 hru128            0.0000000E+00   1258341.       2634262.      0.0000000E+00  0.0000000E+00
         365          12          31        2023         129                     0 hru129            0.0000000E+00   1251108.       2828944.      0.0000000E+00  0.0000000E+00
         365          12          31        2023         130                     0 hru130            0.0000000E+00   1160608.       2718328.      0.0000000E+00  0.0000000E+00
         365          12          31        2023         131                     0 hru131            0.0000000E+00   1321043.       2370694.      0.0000000E+00  0.0000000E+00
         365          12          31        2023         132                     0 hru132            0.0000000E+00   1476558.       2456744.      0.0000000E+00  0.0000000E+00
         365          12          31        2023         133                     0 hru133            0.0000000E+00   251628.9       428505.8      0.0000000E+00  0.0000000E+00
         365          12          31        2023         134                     0 hru134            0.0000000E+00   1019226.       1575794.      0.0000000E+00  0.0000000E+00
         365          12          31        2023         135                     0 hru135            0.0000000E+00   306154.8       3396070.      0.0000000E+00  0.0000000E+00
         365          12          31        2023         136                     0 hru136            0.0000000E+00  0.0000000E+00   113917.8      0.0000000E+00  0.0000000E+00
         365          12          31        2023         137                     0 hru137            0.0000000E+00   26845.96       3099791.      0.0000000E+00  0.0000000E+00
         365          12          31        2023         138                     0 hru138            0.0000000E+00   570585.1       2560650.      0.0000000E+00  0.0000000E+00
         365          12          31        2023         139                     0 hru139            0.0000000E+00   170267.3       8099696.      0.0000000E+00  0.0000000E+00
         365          12          31        2023         140                     0 hru140            0.0000000E+00   171958.8       8333124.      0.0000000E+00  0.0000000E+00
         365          12          31        2023         141                     0 hru141            0.0000000E+00   561374.9       1435538.      0.0000000E+00  0.0000000E+00
         365          12          31        2023         142                     0 hru142            0.0000000E+00   1161400.       1963107.      0.0000000E+00  0.0000000E+00
         365          12          31        2023         143                     0 hru143            0.0000000E+00   504663.9       1305996.      0.0000000E+00  0.0000000E+00
         365          12          31        2023         144                     0 hru144            0.0000000E+00   609683.0       1455635.      0.0000000E+00  0.0000000E+00
         365          12          31        2023         145                     0 hru145            0.0000000E+00   850421.5       1545152.      0.0000000E+00  0.0000000E+00
         365          12          31        2023         146                     0 hru146            0.0000000E+00   705970.2       1374561.      0.0000000E+00  0.0000000E+00
         365          12          31        2023         147                     0 hru147            0.0000000E+00   629123.9       1439203.      0.0000000E+00  0.0000000E+00
         365          12          31        2023         148                     0 hru148            0.0000000E+00   1528445.       1746561.      0.0000000E+00  0.0000000E+00
         365          12          31        2023         149                     0 hru149            0.0000000E+00   544347.9       982353.4      0.0000000E+00  0.0000000E+00
         365          12          31        2023         150                     0 hru150            0.0000000E+00   1121257.       1500873.      0.0000000E+00  0.0000000E+00
         365          12          31        2023         151                     0 hru151            0.0000000E+00   604397.8       917573.8      0.0000000E+00  0.0000000E+00
         365          12          31        2023         152                     0 hru152            0.0000000E+00   1131098.       1490374.      0.0000000E+00  0.0000000E+00
         365          12          31        2023         153                     0 hru153            0.0000000E+00   639086.7       980557.0      0.0000000E+00  0.0000000E+00
         365          12          31        2023         154                     0 hru154            0.0000000E+00   689192.9       1021802.      0.0000000E+00  0.0000000E+00
         365          12          31        2023         155                     0 hru155            0.0000000E+00   1314508.       1822290.      0.0000000E+00  0.0000000E+00
         365          12          31        2023         156                     0 hru156            0.0000000E+00   1650430.       2189018.      0.0000000E+00  0.0000000E+00
         365          12          31        2023         157                     0 hru157            0.0000000E+00   742541.4       2082573.      0.0000000E+00  0.0000000E+00
         365          12          31        2023         158                     0 hru158            0.0000000E+00   1257569.       2034887.      0.0000000E+00  0.0000000E+00
         365          12          31        2023         159                     0 hru159            0.0000000E+00   1272122.       2813132.      0.0000000E+00  0.0000000E+00
         365          12          31        2023         160                     0 hru160            0.0000000E+00   230399.3       2031821.      0.0000000E+00  0.0000000E+00
         365          12          31        2023         161                     0 hru161            0.0000000E+00   615983.0       3639510.      0.0000000E+00  0.0000000E+00
         365          12          31        2023         162                     0 hru162            0.0000000E+00   431915.4       1317855.      0.0000000E+00  0.0000000E+00
         365          12          31        2023         163                     0 hru163            0.0000000E+00  0.0000000E+00   3175443.      0.0000000E+00  0.0000000E+00
         365          12          31        2023         164                     0 hru164            0.0000000E+00  0.0000000E+00   3204059.      0.0000000E+00  0.0000000E+00
         365          12          31        2023         165                     0 hru165            0.0000000E+00  0.0000000E+00   3380620.      0.0000000E+00  0.0000000E+00
         365          12          31        2023         166                     0 hru166            0.0000000E+00  0.0000000E+00   1201944.      0.0000000E+00  0.0000000E+00
         365          12          31        2023         167                     0 hru167            0.0000000E+00  0.0000000E+00   3286206.      0.0000000E+00  0.0000000E+00
         365          12          31        2023         168                     0 hru168            0.0000000E+00  0.0000000E+00   3313007.      0.0000000E+00  0.0000000E+00
         365          12          31        2023         169                     0 hru169            0.0000000E+00  0.0000000E+00   3150149.      0.0000000E+00  0.0000000E+00
         365          12          31        2023         170                     0 hru170            0.0000000E+00  0.0000000E+00   3359950.      0.0000000E+00  0.0000000E+00
         365          12          31        2023         171                     0 hru171            0.0000000E+00   424173.8       4862293.      0.0000000E+00  0.0000000E+00
         365          12          31        2023         172                     0 hru172            0.0000000E+00   409967.3       2228206.      0.0000000E+00  0.0000000E+00
         365          12          31        2023         173                     0 hru173            0.0000000E+00   347246.8       1932905.      0.0000000E+00  0.0000000E+00
         365          12          31        2023         174                     0 hru174            0.0000000E+00   298744.6       5793350.      0.0000000E+00  0.0000000E+00
         365          12          31        2023         175                     0 hru175            0.0000000E+00   898090.3       1458585.      0.0000000E+00  0.0000000E+00
         365          12          31        2023         176                     0 hru176            0.0000000E+00   801404.5       1967129.      0.0000000E+00  0.0000000E+00
         365          12          31        2023         177                     0 hru177            0.0000000E+00  0.0000000E+00   3342188.      0.0000000E+00  0.0000000E+00
         365          12          31        2023         178                     0 hru178            0.0000000E+00  0.0000000E+00   3319135.      0.0000000E+00  0.0000000E+00
         365          12          31        2023         179                     0 hru179            0.0000000E+00  0.0000000E+00   3335398.      0.0000000E+00  0.0000000E+00
         365          12          31        2023         180                     0 hru180            0.0000000E+00   1055886.       1961507.      0.0000000E+00  0.0000000E+00
         365          12          31        2023         181                     0 hru181            0.0000000E+00   1069254.       1374803.      0.0000000E+00  0.0000000E+00
         365          12          31        2023         182                     0 hru182            0.0000000E+00   1027247.       1357803.      0.0000000E+00  0.0000000E+00
         365          12          31        2023         183                     0 hru183            0.0000000E+00   1854508.       2226336.      0.0000000E+00  0.0000000E+00
         365          12          31        2023         184                     0 hru184            0.0000000E+00   1563519.       1791158.      0.0000000E+00  0.0000000E+00
         365          12          31        2023         185                     0 hru185            0.0000000E+00   1877496.       2010626.      0.0000000E+00  0.0000000E+00
         365          12          31        2023         186                     0 hru186            0.0000000E+00   644825.4       1944324.      0.0000000E+00  0.0000000E+00
         365          12          31        2023         187                     0 hru187            0.0000000E+00   770238.0       2246219.      0.0000000E+00  0.0000000E+00
         365          12          31        2023         188                     0 hru188            0.0000000E+00   1111953.       2200621.      0.0000000E+00  0.0000000E+00
         365          12          31        2023         189                     0 hru189            0.0000000E+00   1134538.       2528634.      0.0000000E+00  0.0000000E+00
         365          12          31        2023         190                     0 hru190            0.0000000E+00   622259.4       3103912.      0.0000000E+00  0.0000000E+00
         365          12          31        2023         191                     0 hru191            0.0000000E+00   1077437.       1806743.      0.0000000E+00  0.0000000E+00
         365          12          31        2023         192                     0 hru192            0.0000000E+00   1006200.       2050337.      0.0000000E+00  0.0000000E+00
         365          12          31        2023         193                     0 hru193            0.0000000E+00   253096.7       1820347.      0.0000000E+00  0.0000000E+00
         365          12          31        2023         194                     0 hru194            0.0000000E+00   772342.9       2257242.      0.0000000E+00  0.0000000E+00
         365          12          31        2023         195                     0 hru195            0.0000000E+00   892582.5       3338999.      0.0000000E+00  0.0000000E+00
         365          12          31        2023         196                     0 hru196            0.0000000E+00   932653.8       3202938.      0.0000000E+00  0.0000000E+00
         365          12          31        2023         197                     0 hru197            0.0000000E+00   715156.2       3241525.      0.0000000E+00  0.0000000E+00
         365          12          31        2023         198                     0 hru198            0.0000000E+00   1038366.       3051704.      0.0000000E+00  0.0000000E+00
         365          12          31        2023         199                     0 hru199            0.0000000E+00   846538.4       3329750.      0.0000000E+00  0.0000000E+00
         365          12          31        2023         200                     0 hru200            0.0000000E+00   838806.1       3402478.      0.0000000E+00  0.0000000E+00
         365          12          31        2023         201                     0 hru201            0.0000000E+00   991192.8       1882484.      0.0000000E+00  0.0000000E+00
         365          12          31        2023         202                     0 hru202            0.0000000E+00   1138997.       2246926.      0.0000000E+00  0.0000000E+00
         365          12          31        2023         203                     0 hru203            0.0000000E+00   1536767.       2454784.      0.0000000E+00  0.0000000E+00
         365          12          31        2023         204                     0 hru204            0.0000000E+00   1199788.       2781834.      0.0000000E+00  0.0000000E+00
         365          12          31        2023         205                     0 hru205            0.0000000E+00   590229.8       2445316.      0.0000000E+00  0.0000000E+00
         365          12          31        2023         206                     0 hru206            0.0000000E+00   520372.6       1996965.      0.0000000E+00  0.0000000E+00
         365          12          31        2023         207                     0 hru207            0.0000000E+00   1111642.       1982518.      0.0000000E+00  0.0000000E+00
         365          12          31        2023         208                     0 hru208            0.0000000E+00   755547.1       1487357.      0.0000000E+00  0.0000000E+00
         365          12          31        2023         209                     0 hru209            0.0000000E+00   928918.8       1671789.      0.0000000E+00  0.0000000E+00
         365          12          31        2023         210                     0 hru210            0.0000000E+00   1121998.       1880430.      0.0000000E+00  0.0000000E+00
         365          12          31        2023         211                     0 hru211            0.0000000E+00   1319861.       2293008.      0.0000000E+00  0.0000000E+00
         365          12          31        2023         212                     0 hru212            0.0000000E+00   812816.3       3207947.      0.0000000E+00  0.0000000E+00
         365          12          31        2023         213                     0 hru213            0.0000000E+00   1402257.       2733448.      0.0000000E+00  0.0000000E+00
         365          12          31        2023         214                     0 hru214            0.0000000E+00   1220452.       1987925.      0.0000000E+00  0.0000000E+00
         365          12          31        2023         215                     0 hru215            0.0000000E+00   1162875.       1983348.      0.0000000E+00  0.0000000E+00
         365          12          31        2023         216                     0 hru216            0.0000000E+00   1024333.       2580724.      0.0000000E+00  0.0000000E+00
         365          12          31        2023         217                     0 hru217            0.0000000E+00   1298329.       2381272.      0.0000000E+00  0.0000000E+00
         365          12          31        2023         218                     0 hru218            0.0000000E+00   1640199.       2243481.      0.0000000E+00  0.0000000E+00
         365          12          31        2023         219                     0 hru219            0.0000000E+00   1263500.       2107434.      0.0000000E+00  0.0000000E+00
         365          12          31        2023         220                     0 hru220            0.0000000E+00   1347477.       2579534.      0.0000000E+00  0.0000000E+00
         365          12          31        2023         221                     0 hru221            0.0000000E+00   991452.2       1527052.      0.0000000E+00  0.0000000E+00
         365          12          31        2023         222                     0 hru222            0.0000000E+00   40607.66       46189.82      0.0000000E+00  0.0000000E+00
         365          12          31        2023         223                     0 hru223            0.0000000E+00   505255.9       1356546.      0.0000000E+00  0.0000000E+00
         365          12          31        2023         224                     0 hru224            0.0000000E+00   955656.6       1763042.      0.0000000E+00  0.0000000E+00
         365          12          31        2023         225                     0 hru225            0.0000000E+00   1532826.       2686424.      0.0000000E+00  0.0000000E+00
         365          12          31        2023         226                     0 hru226            0.0000000E+00   1544444.       2802914.      0.0000000E+00  0.0000000E+00
         365          12          31        2023         227                     0 hru227            0.0000000E+00   1263720.       2106616.      0.0000000E+00  0.0000000E+00
         365          12          31        2023         228                     0 hru228            0.0000000E+00   997854.4       1590636.      0.0000000E+00  0.0000000E+00
         365          12          31        2023         229                     0 hru229            0.0000000E+00   1066322.       1917560.      0.0000000E+00  0.0000000E+00
         365          12          31        2023         230                     0 hru230            0.0000000E+00   1714421.       2350220.      0.0000000E+00  0.0000000E+00
         365          12          31        2023         231                     0 hru231            0.0000000E+00   785812.4       1492205.      0.0000000E+00  0.0000000E+00
         365          12          31        2023         232                     0 hru232            0.0000000E+00   1454616.       2124974.      0.0000000E+00  0.0000000E+00
         365          12          31        2023         233                     0 hru233            0.0000000E+00   1376377.       2130764.      0.0000000E+00  0.0000000E+00
         365          12          31        2023         234                     0 hru234            0.0000000E+00   572032.1       1034344.      0.0000000E+00  0.0000000E+00
         365          12          31        2023         235                     0 hru235            0.0000000E+00   1034000.       2489251.      0.0000000E+00  0.0000000E+00
         365          12          31        2023         236                     0 hru236            0.0000000E+00   1578116.       2278537.      0.0000000E+00  0.0000000E+00
         365          12          31        2023         237                     0 hru237            0.0000000E+00   754196.5       1443717.      0.0000000E+00  0.0000000E+00
         365          12          31        2023         238                     0 hru238            0.0000000E+00   1336361.       2573092.      0.0000000E+00  0.0000000E+00
         365          12          31        2023         239                     0 hru239            0.0000000E+00  0.0000000E+00  2.5017398E+08  0.0000000E+00  0.0000000E+00
         365          12          31        2023         240                     0 hru240            0.0000000E+00  0.0000000E+00  2.2672189E+08  0.0000000E+00  0.0000000E+00
         365          12          31        2023         241                     0 hru241            0.0000000E+00  0.0000000E+00  2.5289523E+08  0.0000000E+00  0.0000000E+00
         365          12          31        2023         242                     0 hru242            0.0000000E+00  0.0000000E+00  2.5432586E+08  0.0000000E+00  0.0000000E+00
         365          12          31        2023         243                     0 hru243            0.0000000E+00  0.0000000E+00  2.5405491E+08  0.0000000E+00  0.0000000E+00
         365          12          31        2023         244                     0 hru244            0.0000000E+00  0.0000000E+00  2.5443931E+08  0.0000000E+00  0.0000000E+00
         365          12          31        2023         245                     0 hru245            0.0000000E+00  0.0000000E+00  2.5362368E+08  0.0000000E+00  0.0000000E+00
         365          12          31        2023         246                     0 hru246            0.0000000E+00  0.0000000E+00  1.1398544E+08  0.0000000E+00  0.0000000E+00
         365          12          31        2023         247                     0 hru247            0.0000000E+00   1007720.       1803893.      0.0000000E+00  0.0000000E+00
         365          12          31        2023         248                     0 hru248            0.0000000E+00   813887.9       1797613.      0.0000000E+00  0.0000000E+00
         365          12          31        2023         249                     0 hru249            0.0000000E+00   834715.7       1843303.      0.0000000E+00  0.0000000E+00
         365          12          31        2023         250                     0 hru250            0.0000000E+00   763104.6       1870430.      0.0000000E+00  0.0000000E+00
         365          12          31        2023         251                     0 hru251            0.0000000E+00  0.0000000E+00  2.5259283E+08  0.0000000E+00  0.0000000E+00
         365          12          31        2023         252                     0 hru252            0.0000000E+00  0.0000000E+00  1.1739465E+08  0.0000000E+00  0.0000000E+00
         365          12          31        2023         253                     0 hru253            0.0000000E+00  0.0000000E+00  2.4614234E+08  0.0000000E+00  0.0000000E+00
         365          12          31        2023         254                     0 hru254            0.0000000E+00  0.0000000E+00  2.4953728E+08  0.0000000E+00  0.0000000E+00
         365          12          31        2023         255                     0 hru255            0.0000000E+00  0.0000000E+00  2.5424998E+08  0.0000000E+00  0.0000000E+00
         365          12          31        2023         256                     0 hru256            0.0000000E+00  0.0000000E+00  2.5695181E+08  0.0000000E+00  0.0000000E+00
         365          12          31        2023         257                     0 hru257            0.0000000E+00  0.0000000E+00  2.5396418E+08  0.0000000E+00  0.0000000E+00
         365          12          31        2023         258                     0 hru258            0.0000000E+00  0.0000000E+00  2.5113806E+08  0.0000000E+00  0.0000000E+00
         365          12          31        2023         259                     0 hru259            0.0000000E+00  0.0000000E+00  2.5687683E+08  0.0000000E+00  0.0000000E+00
         365          12          31        2023         260                     0 hru260            0.0000000E+00  0.0000000E+00  2.5527048E+08  0.0000000E+00  0.0000000E+00
         365          12          31        2023         261                     0 hru261            0.0000000E+00  0.0000000E+00  2.5403773E+08  0.0000000E+00  0.0000000E+00
         365          12          31        2023         262                     0 hru262            0.0000000E+00  0.0000000E+00  2.5379270E+08  0.0000000E+00  0.0000000E+00
         365          12          31        2023         263                     0 hru263            0.0000000E+00  0.0000000E+00  2.5561946E+08  0.0000000E+00  0.0000000E+00
         365          12          31        2023         264                     0 hru264            0.0000000E+00  0.0000000E+00  2.2572634E+08  0.0000000E+00  0.0000000E+00
         365          12          31        2023         265                     0 hru265            0.0000000E+00  0.0000000E+00  2.4867288E+08  0.0000000E+00  0.0000000E+00
         365          12          31        2023         266                     0 hru266            0.0000000E+00  0.0000000E+00  2.5360266E+08  0.0000000E+00  0.0000000E+00
         365          12          31        2023         267                     0 hru267            0.0000000E+00  0.0000000E+00  2.5415811E+08  0.0000000E+00  0.0000000E+00
         365          12          31        2023         268                     0 hru268            0.0000000E+00  0.0000000E+00  2.5200920E+08  0.0000000E+00  0.0000000E+00
         365          12          31        2023         269                     0 hru269            0.0000000E+00  0.0000000E+00  2.5169842E+08  0.0000000E+00  0.0000000E+00
         365          12          31        2023         270                     0 hru270            0.0000000E+00  0.0000000E+00  2.5206075E+08  0.0000000E+00  0.0000000E+00
         365          12          31        2023         271                     0 hru271            0.0000000E+00  0.0000000E+00  2.5176058E+08  0.0000000E+00  0.0000000E+00
         365          12          31        2023         272                     0 hru272            0.0000000E+00  0.0000000E+00  2.5337579E+08  0.0000000E+00  0.0000000E+00
         365          12          31        2023         273                     0 hru273            0.0000000E+00  0.0000000E+00  2.5193954E+08  0.0000000E+00  0.0000000E+00
         365          12          31        2023         274                     0 hru274            0.0000000E+00   993570.6       1826768.      0.0000000E+00  0.0000000E+00
         365          12          31        2023         275                     0 hru275            0.0000000E+00   919385.9       1683918.      0.0000000E+00  0.0000000E+00
         365          12          31        2023         276                     0 hru276            0.0000000E+00   611750.8       1712435.      0.0000000E+00  0.0000000E+00
         365          12          31        2023         277                     0 hru277            0.0000000E+00   728174.5       1800321.      0.0000000E+00  0.0000000E+00
         365          12          31        2023         278                     0 hru278            0.0000000E+00  0.0000000E+00  2.5269141E+08  0.0000000E+00  0.0000000E+00
         365          12          31        2023         279                     0 hru279            0.0000000E+00  0.0000000E+00  2.5798446E+08  0.0000000E+00  0.0000000E+00
         365          12          31        2023         280                     0 hru280            0.0000000E+00  0.0000000E+00  2.5879920E+08  0.0000000E+00  0.0000000E+00
         365          12          31        2023         281                     0 hru281            0.0000000E+00  0.0000000E+00  1.1464364E+08  0.0000000E+00  0.0000000E+00
         365          12          31        2023         282                     0 hru282            0.0000000E+00  0.0000000E+00  1.1353183E+08  0.0000000E+00  0.0000000E+00
         365          12          31        2023         283                     0 hru283            0.0000000E+00  0.0000000E+00  3.1105130E+08  0.0000000E+00  0.0000000E+00
         365          12          31        2023         284                     0 hru284            0.0000000E+00  0.0000000E+00  1.9512898E+08  0.0000000E+00  0.0000000E+00
         365          12          31        2023         285                     0 hru285            0.0000000E+00  0.0000000E+00  1.9505723E+08  0.0000000E+00  0.0000000E+00
         365          12          31        2023         286                     0 hru286            0.0000000E+00  0.0000000E+00  1.9505712E+08  0.0000000E+00  0.0000000E+00
         365          12          31        2023         287                     0 hru287            0.0000000E+00  0.0000000E+00  1.9492826E+08  0.0000000E+00  0.0000000E+00
         365          12          31        2023         288                     0 hru288            0.0000000E+00  0.0000000E+00   2847239.      0.0000000E+00  0.0000000E+00
         365          12          31        2023         289                     0 hru289            0.0000000E+00  0.0000000E+00   3404770.      0.0000000E+00  0.0000000E+00
         365          12          31        2023         290                     0 hru290            0.0000000E+00  0.0000000E+00   3316990.      0.0000000E+00  0.0000000E+00
         365          12          31        2023         291                     0 hru291            0.0000000E+00  0.0000000E+00   3121185.      0.0000000E+00  0.0000000E+00
         365          12          31        2023         292                     0 hru292            0.0000000E+00  0.0000000E+00   3316867.      0.0000000E+00  0.0000000E+00
         365          12          31        2023         293                     0 hru293            0.0000000E+00  0.0000000E+00   3300846.      0.0000000E+00  0.0000000E+00
         365          12          31        2023         294                     0 hru294            0.0000000E+00   739880.1       1560540.      0.0000000E+00  0.0000000E+00
         365          12          31        2023         295                     0 hru295            0.0000000E+00   1286600.       1609627.      0.0000000E+00  0.0000000E+00
         365          12          31        2023         296                     0 hru296            0.0000000E+00   163256.8       7270982.      0.0000000E+00  0.0000000E+00
         365          12          31        2023         297                     0 hru297            0.0000000E+00   885181.9       1693343.      0.0000000E+00  0.0000000E+00
         365          12          31        2023         298                     0 hru298            0.0000000E+00   164320.9       8944134.      0.0000000E+00  0.0000000E+00
         365          12          31        2023         299                     0 hru299            0.0000000E+00  0.0000000E+00   3089129.      0.0000000E+00  0.0000000E+00
         365          12          31        2023         300                     0 hru300            0.0000000E+00   799626.6       1951677.      0.0000000E+00  0.0000000E+00
         365          12          31        2023         301                     0 hru301            0.0000000E+00   158381.9       2300202.      0.0000000E+00  0.0000000E+00
         365          12          31        2023         302                     0 hru302            0.0000000E+00  0.0000000E+00   3242357.      0.0000000E+00  0.0000000E+00
         365          12          31        2023         303                     0 hru303            0.0000000E+00   656928.2       3057546.      0.0000000E+00  0.0000000E+00
         365          12          31        2023         304                     0 hru304            0.0000000E+00  0.0000000E+00  2.5173856E+08  0.0000000E+00  0.0000000E+00
         365          12          31        2023         305                     0 hru305            0.0000000E+00  0.0000000E+00  2.6040570E+08  0.0000000E+00  0.0000000E+00
         365          12          31        2023         306                     0 hru306            0.0000000E+00  0.0000000E+00  2.4556896E+08  0.0000000E+00  0.0000000E+00
         365          12          31        2023         307                     0 hru307            0.0000000E+00  0.0000000E+00  1.6958454E+08  0.0000000E+00  0.0000000E+00
         365          12          31        2023         308                     0 hru308            0.0000000E+00  0.0000000E+00  1.3267065E+08  0.0000000E+00  0.0000000E+00
         365          12          31        2023         309                     0 hru309            0.0000000E+00  0.0000000E+00  2.5495277E+08  0.0000000E+00  0.0000000E+00
         365          12          31        2023         310                     0 hru310            0.0000000E+00  0.0000000E+00  2.5431910E+08  0.0000000E+00  0.0000000E+00
         365          12          31        2023         311                     0 hru311            0.0000000E+00  0.0000000E+00  2.5342650E+08  0.0000000E+00  0.0000000E+00
         365          12          31        2023         312                     0 hru312            0.0000000E+00  0.0000000E+00  2.6044362E+08  0.0000000E+00  0.0000000E+00
         365          12          31        2023         313                     0 hru313            0.0000000E+00  0.0000000E+00  2.5353461E+08  0.0000000E+00  0.0000000E+00
         365          12          31        2023         314                     0 hru314            0.0000000E+00   534334.3       1716311.      0.0000000E+00  0.0000000E+00
