 Mini_CREATE               SWAT+ Jan 11 2024        MODULAR Rev 2024.61.0                                 
       year     plant_no   plant_name       harv_area(ha)    yld(t)         yld(t/ha)      
        2004           1 frsd              0.0000000E+00  0.0000000E+00  0.0000000E+00
        2004           2 frse              0.0000000E+00  0.0000000E+00  0.0000000E+00
        2004           3 frst              0.0000000E+00  0.0000000E+00  0.0000000E+00
        2004           4 orcd               1.975940      6.9247924E-02  3.5045542E-02
        2004           5 rnge               16.58698      0.0000000E+00  0.0000000E+00
        2004           6 wetl              0.0000000E+00  0.0000000E+00  0.0000000E+00
        2004           7 fesc               622.0727       456.3102      0.7335320    
        2004           8 lupn               61.88545       62.00236       1.001889    
        2004           9 oats               261.0549       867.8121       3.324251    
        2004          10 barl               45.86216       161.4624       3.520603    
        2004          11 fpea               27.80220       126.4491       4.548167    
        2004          12 pota               271.1597       1921.261       7.085350    
        2004          13 buck               33.53731       56.49697       1.684601    
        2004          14 wwht               44.79409       156.8812       3.502274    
        2004          15 canp               324.5222       1327.724       4.091319    
        2004          16 rye                153.3569       981.9003       6.402712    
        2004          17 trit               197.7336       1823.836       9.223700    
        2004          18 csil               6.137110       47.09492       7.673792    
        2004          19 lmix              0.0000000E+00  0.0000000E+00  0.0000000E+00
        2005           1 frsd              0.0000000E+00  0.0000000E+00  0.0000000E+00
        2005           2 frse              0.0000000E+00  0.0000000E+00  0.0000000E+00
        2005           3 frst              0.0000000E+00  0.0000000E+00  0.0000000E+00
        2005           4 orcd               1.975940      0.2228166      0.1127648    
        2005           5 rnge               16.58698      0.0000000E+00  0.0000000E+00
        2005           6 wetl              0.0000000E+00  0.0000000E+00  0.0000000E+00
        2005           7 fesc               564.3676       89.65355      0.1588567    
        2005           8 lupn               166.7163       180.4667       1.082478    
        2005           9 oats               74.50557       205.0072       2.751568    
        2005          10 barl               36.47241       126.2537       3.461623    
        2005          11 fpea               85.49305       354.8676       4.150836    
        2005          12 pota               256.7287       1000.604       3.897516    
        2005          13 buck               8.182180       8.340720       1.019376    
        2005          14 wwht               406.5341       440.3437       1.083166    
        2005          15 canp               59.04479       254.8358       4.315974    
        2005          16 rye                111.4482       512.7852       4.601108    
        2005          17 trit               215.2103       800.7007       3.720551    
        2005          18 csil               31.12765       270.0463       8.675447    
        2005          19 lmix              0.0000000E+00  0.0000000E+00  0.0000000E+00
        2006           1 frsd              0.0000000E+00  0.0000000E+00  0.0000000E+00
        2006           2 frse              0.0000000E+00  0.0000000E+00  0.0000000E+00
        2006           3 frst              0.0000000E+00  0.0000000E+00  0.0000000E+00
        2006           4 orcd               1.975940      0.3692283      0.1868620    
        2006           5 rnge               16.58698      0.0000000E+00  0.0000000E+00
        2006           6 wetl              0.0000000E+00  0.0000000E+00  0.0000000E+00
        2006           7 fesc               698.8047       376.2841      0.5384681    
        2006           8 lupn               172.3726       111.4579      0.6466103    
        2006           9 oats               95.95760       253.2488       2.639174    
        2006          10 barl               122.1565       528.8104       4.328958    
        2006          11 fpea               73.09444       383.3381       5.244422    
        2006          12 pota               108.4921       281.7182       2.596671    
        2006          13 buck               24.60551       41.13772       1.671890    
        2006          14 wwht               186.2945       123.6129      0.6635348    
        2006          15 canp               405.8141       2119.419       5.222635    
        2006          16 rye                100.6520       483.8268       4.806927    
        2006          17 trit               87.42445       395.6494       4.525615    
        2006          18 csil               8.496810       66.59734       7.837921    
        2006          19 lmix              0.0000000E+00  0.0000000E+00  0.0000000E+00
        2007           1 frsd              0.0000000E+00  0.0000000E+00  0.0000000E+00
        2007           2 frse              0.0000000E+00  0.0000000E+00  0.0000000E+00
        2007           3 frst              0.0000000E+00  0.0000000E+00  0.0000000E+00
        2007           4 orcd               1.975940      0.4700116      0.2378672    
        2007           5 rnge               16.58698      0.0000000E+00  0.0000000E+00
        2007           6 wetl              0.0000000E+00  0.0000000E+00  0.0000000E+00
        2007           7 fesc               964.4237       645.4243      0.6692331    
        2007           8 lupn               197.4043       145.4591      0.7368591    
        2007           9 oats               157.4410       412.0035       2.616876    
        2007          10 barl               154.4239       231.2458       1.497474    
        2007          11 fpea               5.198920       26.37044       5.072291    
        2007          12 pota               260.0756       1005.826       3.867436    
        2007          13 buck               9.106939       14.30864       1.571180    
        2007          14 wwht               67.65368       221.2912       3.270941    
        2007          15 canp               298.7375       976.3621       3.268295    
        2007          16 rye                68.76181       289.5132       4.210379    
        2007          17 trit               30.39439       154.7871       5.092619    
        2007          18 csil               8.512751       74.80189       8.787040    
        2007          19 lmix              0.0000000E+00  0.0000000E+00  0.0000000E+00
        2008           1 frsd              0.0000000E+00  0.0000000E+00  0.0000000E+00
        2008           2 frse              0.0000000E+00  0.0000000E+00  0.0000000E+00
        2008           3 frst              0.0000000E+00  0.0000000E+00  0.0000000E+00
        2008           4 orcd               1.975940      0.4721608      0.2389549    
        2008           5 rnge               16.58698      0.0000000E+00  0.0000000E+00
        2008           6 wetl              0.0000000E+00  0.0000000E+00  0.0000000E+00
        2008           7 fesc               1064.598       722.0812      0.6782664    
        2008           8 lupn               107.4853       109.3024       1.016906    
        2008           9 oats               141.1177       399.5055       2.831010    
        2008          10 barl               54.54786       212.6028       3.897547    
        2008          11 fpea               115.0552       175.5587       1.525865    
        2008          12 pota               132.7863       655.2200       4.934395    
        2008          13 buck               18.13002       26.54929       1.464382    
        2008          14 wwht               421.5923       758.5934       1.799353    
        2008          15 canp               73.50422       295.4759       4.019850    
        2008          16 rye                38.27672       148.3141       3.874787    
        2008          17 trit               87.85532       428.9410       4.882356    
        2008          18 csil               20.42340       192.8004       9.440169    
        2008          19 lmix              0.0000000E+00  0.0000000E+00  0.0000000E+00
        2009           1 frsd              0.0000000E+00  0.0000000E+00  0.0000000E+00
        2009           2 frse              0.0000000E+00  0.0000000E+00  0.0000000E+00
        2009           3 frst              0.0000000E+00  0.0000000E+00  0.0000000E+00
        2009           4 orcd               1.975940      0.5194934      0.2629094    
        2009           5 rnge               16.58698      0.0000000E+00  0.0000000E+00
        2009           6 wetl              0.0000000E+00  0.0000000E+00  0.0000000E+00
        2009           7 fesc               622.0727       132.5363      0.2130560    
        2009           8 lupn               61.88545       47.59217      0.7690366    
        2009           9 oats               261.0549       454.4648       1.740878    
        2009          10 barl               45.86216       167.9424       3.661894    
        2009          11 fpea               27.80220       76.34905       2.746151    
        2009          12 pota               271.1597       1278.782       4.715975    
        2009          13 buck               33.53731       37.97385       1.132287    
        2009          14 wwht               44.79409       107.4494       2.398741    
        2009          15 canp               324.5222       1069.575       3.295845    
        2009          16 rye                153.3569       594.1868       3.874535    
        2009          17 trit               197.7336       1077.912       5.451333    
        2009          18 csil               6.137110       56.05810       9.134281    
        2009          19 lmix              0.0000000E+00  0.0000000E+00  0.0000000E+00
        2010           1 frsd              0.0000000E+00  0.0000000E+00  0.0000000E+00
        2010           2 frse              0.0000000E+00  0.0000000E+00  0.0000000E+00
        2010           3 frst              0.0000000E+00  0.0000000E+00  0.0000000E+00
        2010           4 orcd               1.975940      0.5361790      0.2713538    
        2010           5 rnge               16.58698      0.0000000E+00  0.0000000E+00
        2010           6 wetl              0.0000000E+00  0.0000000E+00  0.0000000E+00
        2010           7 fesc               564.3674       110.8746      0.1964581    
        2010           8 lupn               166.7163       168.3184       1.009610    
        2010           9 oats               74.50557       199.4770       2.677343    
        2010          10 barl               36.47241       123.6517       3.390280    
        2010          11 fpea               85.49305       351.4315       4.110643    
        2010          12 pota               256.7287       1123.297       4.375423    
        2010          13 buck               8.182180       12.09800       1.478579    
        2010          14 wwht               406.5341       343.9398      0.8460294    
        2010          15 canp               59.04479       242.0475       4.099388    
        2010          16 rye                111.4482       349.5057       3.136038    
        2010          17 trit               215.2103       822.5646       3.822144    
        2010          18 csil               31.12765       203.9120       6.550831    
        2010          19 lmix              0.0000000E+00  0.0000000E+00  0.0000000E+00
        2011           1 frsd              0.0000000E+00  0.0000000E+00  0.0000000E+00
        2011           2 frse              0.0000000E+00  0.0000000E+00  0.0000000E+00
        2011           3 frst              0.0000000E+00  0.0000000E+00  0.0000000E+00
        2011           4 orcd               1.975940      0.5689417      0.2879345    
        2011           5 rnge               16.58698      0.0000000E+00  0.0000000E+00
        2011           6 wetl              0.0000000E+00  0.0000000E+00  0.0000000E+00
        2011           7 fesc               698.8047       329.9591      0.4721764    
        2011           8 lupn               172.3726       113.6307      0.6592155    
        2011           9 oats               95.95760       277.2838       2.889649    
        2011          10 barl               122.1565       517.3040       4.234763    
        2011          11 fpea               73.09443       395.1107       5.405483    
        2011          12 pota               108.4921       338.7172       3.122045    
        2011          13 buck               24.60551       37.08670       1.507252    
        2011          14 wwht               186.2945       415.9809       2.232921    
        2011          15 canp               405.8141       1406.448       3.465743    
        2011          16 rye                100.6520       374.0809       3.716577    
        2011          17 trit               87.42445       453.5208       5.187574    
        2011          18 csil               8.496810       75.98531       8.942803    
        2011          19 lmix              0.0000000E+00  0.0000000E+00  0.0000000E+00
        2012           1 frsd              0.0000000E+00  0.0000000E+00  0.0000000E+00
        2012           2 frse              0.0000000E+00  0.0000000E+00  0.0000000E+00
        2012           3 frst              0.0000000E+00  0.0000000E+00  0.0000000E+00
        2012           4 orcd               1.975940      0.6072493      0.3073216    
        2012           5 rnge               16.58698      0.0000000E+00  0.0000000E+00
        2012           6 wetl              0.0000000E+00  0.0000000E+00  0.0000000E+00
        2012           7 fesc               964.4236       778.3896      0.8071034    
        2012           8 lupn               197.4043       152.7539      0.7738126    
        2012           9 oats               157.4410       456.8821       2.901926    
        2012          10 barl               154.4239       289.4904       1.874647    
        2012          11 fpea               5.198920       29.27089       5.630187    
        2012          12 pota               260.0756       1072.670       4.124454    
        2012          13 buck               9.106939       11.78856       1.294458    
        2012          14 wwht               67.65368       196.6446       2.906636    
        2012          15 canp               298.7375       1109.529       3.714060    
        2012          16 rye                68.76181       300.8930       4.375874    
        2012          17 trit               30.39439       156.2002       5.139112    
        2012          18 csil               8.512751       78.70955       9.246076    
        2012          19 lmix              0.0000000E+00  0.0000000E+00  0.0000000E+00
        2013           1 frsd              0.0000000E+00  0.0000000E+00  0.0000000E+00
        2013           2 frse              0.0000000E+00  0.0000000E+00  0.0000000E+00
        2013           3 frst              0.0000000E+00  0.0000000E+00  0.0000000E+00
        2013           4 orcd               1.975940      0.5926491      0.2999326    
        2013           5 rnge               16.58698      0.0000000E+00  0.0000000E+00
        2013           6 wetl              0.0000000E+00  0.0000000E+00  0.0000000E+00
        2013           7 fesc               1064.598       792.4335      0.7443499    
        2013           8 lupn               107.4853       91.01324      0.8467508    
        2013           9 oats               141.1177       427.4936       3.029341    
        2013          10 barl               54.54786       207.3745       3.801698    
        2013          11 fpea               115.0552       164.6203       1.430794    
        2013          12 pota               132.7863       528.5498       3.980454    
        2013          13 buck               18.13002       30.53138       1.684023    
        2013          14 wwht               421.5923       466.0713       1.105502    
        2013          15 canp               73.50422       420.5198       5.721030    
        2013          16 rye                38.27672       164.6637       4.301928    
        2013          17 trit               87.85532       430.2597       4.897367    
        2013          18 csil               20.42340       203.6376       9.970797    
        2013          19 lmix              0.0000000E+00  0.0000000E+00  0.0000000E+00
        2014           1 frsd              0.0000000E+00  0.0000000E+00  0.0000000E+00
        2014           2 frse              0.0000000E+00  0.0000000E+00  0.0000000E+00
        2014           3 frst              0.0000000E+00  0.0000000E+00  0.0000000E+00
        2014           4 orcd               1.975940      0.6726122      0.3404010    
        2014           5 rnge               16.58698      0.0000000E+00  0.0000000E+00
        2014           6 wetl              0.0000000E+00  0.0000000E+00  0.0000000E+00
        2014           7 fesc               622.0726       145.7726      0.2343337    
        2014           8 lupn               61.88545       58.02048      0.9375464    
        2014           9 oats               261.0549       612.1815       2.345030    
        2014          10 barl               45.86216       237.8925       5.187119    
        2014          11 fpea               27.80220       153.3355       5.515230    
        2014          12 pota               271.1597       1535.526       5.662809    
        2014          13 buck               33.53731       50.15067       1.495370    
        2014          14 wwht               44.79409       137.6679       3.073350    
        2014          15 canp               324.5222       1277.424       3.936324    
        2014          16 rye                153.3569       701.9254       4.577070    
        2014          17 trit               197.7336       997.3973       5.044146    
        2014          18 csil               6.137110       58.21357       9.485500    
        2014          19 lmix              0.0000000E+00  0.0000000E+00  0.0000000E+00
        2015           1 frsd              0.0000000E+00  0.0000000E+00  0.0000000E+00
        2015           2 frse              0.0000000E+00  0.0000000E+00  0.0000000E+00
        2015           3 frst              0.0000000E+00  0.0000000E+00  0.0000000E+00
        2015           4 orcd               1.975940      0.7394472      0.3742253    
        2015           5 rnge               16.58698      0.0000000E+00  0.0000000E+00
        2015           6 wetl              0.0000000E+00  0.0000000E+00  0.0000000E+00
        2015           7 fesc               564.3674       144.1918      0.2554929    
        2015           8 lupn               166.7162       173.4237       1.040233    
        2015           9 oats               74.50557       227.8839       3.058616    
        2015          10 barl               36.47241       142.9146       3.918431    
        2015          11 fpea               85.49306       482.1448       5.639578    
        2015          12 pota               256.7287       1766.909       6.882400    
        2015          13 buck               8.182180       12.31404       1.504982    
        2015          14 wwht               406.5341       742.0078       1.825204    
        2015          15 canp               59.04480       350.2810       5.932461    
        2015          16 rye                111.4482       440.1891       3.949719    
        2015          17 trit               215.2103       1126.410       5.233999    
        2015          18 csil               31.12765       200.2103       6.431911    
        2015          19 lmix              0.0000000E+00  0.0000000E+00  0.0000000E+00
        2016           1 frsd              0.0000000E+00  0.0000000E+00  0.0000000E+00
        2016           2 frse              0.0000000E+00  0.0000000E+00  0.0000000E+00
        2016           3 frst              0.0000000E+00  0.0000000E+00  0.0000000E+00
        2016           4 orcd               1.975940      0.6006300      0.3039716    
        2016           5 rnge               16.58698      0.0000000E+00  0.0000000E+00
        2016           6 wetl              0.0000000E+00  0.0000000E+00  0.0000000E+00
        2016           7 fesc               698.8047       384.9511      0.5508708    
        2016           8 lupn               172.3726       99.68449      0.5783080    
        2016           9 oats               95.95760       272.5989       2.840827    
        2016          10 barl               122.1565       556.6833       4.557131    
        2016          11 fpea               73.09444       359.8889       4.923615    
        2016          12 pota               108.4921       244.7082       2.255540    
        2016          13 buck               24.60551       42.52047       1.728087    
        2016          14 wwht               186.2945       573.6884       3.079471    
        2016          15 canp               405.8142       1689.346       4.162857    
        2016          16 rye                100.6520       431.2425       4.284491    
        2016          17 trit               87.42445       470.5081       5.381882    
        2016          18 csil               8.496810       78.62119       9.253024    
        2016          19 lmix              0.0000000E+00  0.0000000E+00  0.0000000E+00
        2017           1 frsd              0.0000000E+00  0.0000000E+00  0.0000000E+00
        2017           2 frse              0.0000000E+00  0.0000000E+00  0.0000000E+00
        2017           3 frst              0.0000000E+00  0.0000000E+00  0.0000000E+00
        2017           4 orcd               1.975940      0.6139990      0.3107375    
        2017           5 rnge               16.58698      0.0000000E+00  0.0000000E+00
        2017           6 wetl              0.0000000E+00  0.0000000E+00  0.0000000E+00
        2017           7 fesc               964.4236       753.5283      0.7813250    
        2017           8 lupn               197.4043       177.4333      0.8988323    
        2017           9 oats               157.4410       478.6848       3.040407    
        2017          10 barl               154.4239       208.9107       1.352839    
        2017          11 fpea               5.198920       25.54865       4.914222    
        2017          12 pota               260.0756       1182.196       4.545586    
        2017          13 buck               9.106939       14.37699       1.578685    
        2017          14 wwht               67.65368       197.8091       2.923848    
        2017          15 canp               298.7375       1172.689       3.925483    
        2017          16 rye                68.76181       306.2327       4.453529    
        2017          17 trit               30.39439       158.3104       5.208540    
        2017          18 csil               8.512751       82.89302       9.737512    
        2017          19 lmix              0.0000000E+00  0.0000000E+00  0.0000000E+00
        2018           1 frsd              0.0000000E+00  0.0000000E+00  0.0000000E+00
        2018           2 frse              0.0000000E+00  0.0000000E+00  0.0000000E+00
        2018           3 frst              0.0000000E+00  0.0000000E+00  0.0000000E+00
        2018           4 orcd               1.975940      0.5954883      0.3013695    
        2018           5 rnge               16.58698      0.0000000E+00  0.0000000E+00
        2018           6 wetl              0.0000000E+00  0.0000000E+00  0.0000000E+00
        2018           7 fesc               1064.598       644.6165      0.6055021    
        2018           8 lupn               107.4853       90.21531      0.8393272    
        2018           9 oats               141.1176       411.4266       2.915487    
        2018          10 barl               54.54786       224.2728       4.111486    
        2018          11 fpea               115.0552       283.4563       2.463655    
        2018          12 pota               132.7863       363.6926       2.738932    
        2018          13 buck               18.13002       27.13257       1.496555    
        2018          14 wwht               421.5923       825.1538       1.957232    
        2018          15 canp               73.50422       186.3007       2.534558    
        2018          16 rye                38.27672       151.0752       3.946921    
        2018          17 trit               87.85532       336.1621       3.826314    
        2018          18 csil               20.42340       203.5053       9.964317    
        2018          19 lmix              0.0000000E+00  0.0000000E+00  0.0000000E+00
        2019           1 frsd              0.0000000E+00  0.0000000E+00  0.0000000E+00
        2019           2 frse              0.0000000E+00  0.0000000E+00  0.0000000E+00
        2019           3 frst              0.0000000E+00  0.0000000E+00  0.0000000E+00
        2019           4 orcd               1.975940      0.6602675      0.3341535    
        2019           5 rnge               16.58698      0.0000000E+00  0.0000000E+00
        2019           6 wetl              0.0000000E+00  0.0000000E+00  0.0000000E+00
        2019           7 fesc               622.0725       139.9917      0.2250408    
        2019           8 lupn               61.88545       45.37761      0.7332517    
        2019           9 oats               261.0549       545.7901       2.090710    
        2019          10 barl               45.86216       244.8069       5.337885    
        2019          11 fpea               27.80220       151.1958       5.438267    
        2019          12 pota               271.1597       1610.581       5.939602    
        2019          13 buck               33.53731       48.78727       1.454716    
        2019          14 wwht               44.79409       140.2071       3.130035    
        2019          15 canp               324.5222       686.5366       2.115531    
        2019          16 rye                153.3569       606.7010       3.956137    
        2019          17 trit               197.7336       726.2317       3.672778    
        2019          18 csil               6.137110       60.82798       9.911500    
        2019          19 lmix              0.0000000E+00  0.0000000E+00  0.0000000E+00
        2020           1 frsd              0.0000000E+00  0.0000000E+00  0.0000000E+00
        2020           2 frse              0.0000000E+00  0.0000000E+00  0.0000000E+00
        2020           3 frst              0.0000000E+00  0.0000000E+00  0.0000000E+00
        2020           4 orcd               1.975940      0.7242469      0.3665327    
        2020           5 rnge               16.58698      0.0000000E+00  0.0000000E+00
        2020           6 wetl              0.0000000E+00  0.0000000E+00  0.0000000E+00
        2020           7 fesc               564.3674       76.60353      0.1357335    
        2020           8 lupn               166.7163       132.5581      0.7951120    
        2020           9 oats               74.50558       189.9036       2.548850    
        2020          10 barl               36.47241       133.9226       3.671887    
        2020          11 fpea               85.49305       430.6338       5.037062    
        2020          12 pota               256.7287       1421.894       5.538510    
        2020          13 buck               8.182180       11.73751       1.434521    
        2020          14 wwht               406.5341       861.1744       2.118332    
        2020          15 canp               59.04478       286.5558       4.853195    
        2020          16 rye                111.4482       426.9541       3.830964    
        2020          17 trit               215.2103       876.8474       4.074376    
        2020          18 csil               31.12765       238.5807       7.664589    
        2020          19 lmix              0.0000000E+00  0.0000000E+00  0.0000000E+00
        2021           1 frsd              0.0000000E+00  0.0000000E+00  0.0000000E+00
        2021           2 frse              0.0000000E+00  0.0000000E+00  0.0000000E+00
        2021           3 frst              0.0000000E+00  0.0000000E+00  0.0000000E+00
        2021           4 orcd               1.975940      0.7204206      0.3645962    
        2021           5 rnge               16.58698      0.0000000E+00  0.0000000E+00
        2021           6 wetl              0.0000000E+00  0.0000000E+00  0.0000000E+00
        2021           7 fesc               698.8047       408.9277      0.5851817    
        2021           8 lupn               172.3726       90.33774      0.5240841    
        2021           9 oats               95.95760       236.3313       2.462872    
        2021          10 barl               122.1565       443.6233       3.631598    
        2021          11 fpea               73.09444       353.8228       4.840625    
        2021          12 pota               108.4921       533.4384       4.916842    
        2021          13 buck               24.60551       42.20087       1.715098    
        2021          14 wwht               186.2945       365.6911       1.962973    
        2021          15 canp               405.8141       869.7339       2.143183    
        2021          16 rye                100.6520       478.9975       4.758947    
        2021          17 trit               87.42445       420.7291       4.812487    
        2021          18 csil               8.496810       67.81029       7.980675    
        2021          19 lmix              0.0000000E+00  0.0000000E+00  0.0000000E+00
        2022           1 frsd              0.0000000E+00  0.0000000E+00  0.0000000E+00
        2022           2 frse              0.0000000E+00  0.0000000E+00  0.0000000E+00
        2022           3 frst              0.0000000E+00  0.0000000E+00  0.0000000E+00
        2022           4 orcd               1.975940      0.7835853      0.3965631    
        2022           5 rnge               16.58698      0.0000000E+00  0.0000000E+00
        2022           6 wetl              0.0000000E+00  0.0000000E+00  0.0000000E+00
        2022           7 fesc               964.4236       745.2928      0.7727857    
        2022           8 lupn               197.4043       160.1270      0.8111628    
        2022           9 oats               157.4410       437.4640       2.778590    
        2022          10 barl               154.4239       576.6788       3.734389    
        2022          11 fpea               5.198920       28.77601       5.534998    
        2022          12 pota               260.0756       1453.199       5.587601    
        2022          13 buck               9.106939       15.37547       1.688325    
        2022          14 wwht               67.65369       183.9650       2.719216    
        2022          15 canp               298.7375       1286.711       4.307161    
        2022          16 rye                68.76181       297.7412       4.330038    
        2022          17 trit               30.39439       152.8661       5.029417    
        2022          18 csil               8.512751       80.94077       9.508179    
        2022          19 lmix              0.0000000E+00  0.0000000E+00  0.0000000E+00
        2023           1 frsd              0.0000000E+00  0.0000000E+00  0.0000000E+00
        2023           2 frse              0.0000000E+00  0.0000000E+00  0.0000000E+00
        2023           3 frst              0.0000000E+00  0.0000000E+00  0.0000000E+00
        2023           4 orcd               1.975940      0.8101627      0.4100136    
        2023           5 rnge               16.58698      0.0000000E+00  0.0000000E+00
        2023           6 wetl              0.0000000E+00  0.0000000E+00  0.0000000E+00
        2023           7 fesc               1064.598       1053.318      0.9894041    
        2023           8 lupn               107.4853       102.0318      0.9492635    
        2023           9 oats               141.1177       465.7077       3.300138    
        2023          10 barl               54.54786       191.6662       3.513725    
        2023          11 fpea               115.0552       358.4842       3.115759    
        2023          12 pota               132.7863       674.9655       5.083096    
        2023          13 buck               18.13002       30.53028       1.683963    
        2023          14 wwht               421.5923       722.2039       1.713039    
        2023          15 canp               73.50423       124.6908       1.696377    
        2023          16 rye                38.27672       161.0822       4.208361    
        2023          17 trit               87.85533       346.0582       3.938955    
        2023          18 csil               20.42340       190.9883       9.351444    
        2023          19 lmix              0.0000000E+00  0.0000000E+00  0.0000000E+00
