 Mini_CREATE               SWAT+ Jan 11 2024        MODULAR Rev 2024.61.0                                 
   jday   mon   day    yr     unit   gis_id   name                  area         precip           evap           seep          flo_stor       sed_stor      orgn_stor      sedp_stor       no3_stor      solp_stor      chla_stor       nh3_stor       no2_stor      cbod_stor       dox_stor       san_stor       sil_stor       cla_stor       sag_stor       lag_stor       grv_stor           null         flo_in         sed_in        orgn_in        sedp_in         no3_in        solp_in        chla_in         nh3_in         no2_in        cbod_in         dox_in         san_in         sil_in         cla_in         sag_in         lag_in         grv_in           null        flo_out        sed_out       orgn_out       sedp_out        no3_out       solp_out       chla_out        nh3_out        no2_out       cbod_out        dox_out        san_out        sil_out        cla_out        sag_out        lag_out        grv_out           null
                                                                      ha            m^3            m^3            m^3             m^3           tons            kgN            kgP            kgN            kgP             kg            kgN            kgN             kg             kg           tons           tons           tons           tons           tons           tons                         m^3/s           tons            kgN            kgP            kgN            kgP             kg            kgN            kgN             kg             kg           tons           tons           tons           tons           tons           tons                         m^3/s           tons            kgN            kgP            kgN            kgP             kg            kgN            kgN             kg             kg           tons           tons           tons           tons           tons           tons               
   366    12    31  1996         1     1  Mini_CREATE                2.0388     0.1494E+05     0.7343E+04     0.7375E+04     0.6960E+04     0.1161E-01     0.8903E-07     0.9448E-04     0.3637E+01     0.8016E-02     0.6906E-04     0.5720E-07     0.0000E+00     0.0000E+00     0.6954E-02     0.0000E+00     0.0000E+00     0.0000E+00     0.0000E+00     0.0000E+00     0.0000E+00    -0.4257E+01     0.2366E+03     0.1416E+02     0.3262E+02     0.2082E+02     0.2306E+05     0.1181E+04     0.3603E+02     0.2126E-03     0.0000E+00     0.0000E+00     0.1123E+02     0.2005E+01     0.5063E-01     0.5827E-01     0.5095E+00     0.4319E+00     0.0000E+00     0.2449E+01     0.2366E+03     0.1586E+02     0.3260E+02     0.2080E+02     0.2302E+05     0.1180E+04     0.3602E+02     0.2253E-03     0.0000E+00     0.0000E+00     0.2043E+02     0.0000E+00     0.0000E+00     0.0000E+00     0.0000E+00     0.0000E+00     0.0000E+00    -0.9880E+01
   365    12    31  1997         1     1  Mini_CREATE                2.0388     0.1660E+05     0.6758E+04     0.7141E+04     0.7231E+04     0.9934E-02     0.5023E-06     0.3745E-02     0.7671E+01     0.5550E+00     0.1857E-03     0.0000E+00     0.0000E+00     0.0000E+00     0.7231E-02     0.0000E+00     0.0000E+00     0.0000E+00     0.0000E+00     0.0000E+00     0.0000E+00     0.5493E+01     0.2974E+03     0.1604E+02     0.3048E+02     0.2496E+02     0.2665E+05     0.1794E+04     0.8327E+02     0.2359E-03     0.0000E+00     0.0000E+00     0.1419E+02     0.2327E+01     0.4673E-01     0.5429E-01     0.4698E+00     0.4474E+00     0.0000E+00     0.1907E+01     0.2974E+03     0.1837E+02     0.3047E+02     0.2495E+02     0.2663E+05     0.1793E+04     0.8327E+02     0.2985E-03     0.0000E+00     0.0000E+00     0.2568E+02     0.0000E+00     0.0000E+00     0.0000E+00     0.0000E+00     0.0000E+00     0.0000E+00     0.9565E+01
   365    12    31  1998         1     1  Mini_CREATE                2.0388     0.2406E+05     0.7467E+04     0.7406E+04     0.7231E+04     0.1314E-05     0.2570E-03     0.1135E-03     0.9402E+01     0.8977E+00     0.4442E-04     0.0000E+00     0.0000E+00     0.0000E+00     0.7230E-02     0.0000E+00     0.0000E+00     0.0000E+00     0.0000E+00     0.0000E+00     0.0000E+00     0.4038E+01     0.5422E+03     0.5171E+02     0.9984E+03     0.3692E+03     0.4173E+05     0.3637E+04     0.1790E+03     0.1861E-03     0.0000E+00     0.0000E+00     0.2619E+02     0.2092E+02     0.1282E+01     0.1377E+01     0.1369E+02     0.8397E+01     0.0000E+00     0.1483E+01     0.5422E+03     0.3132E+02     0.9984E+03     0.3692E+03     0.4172E+05     0.3636E+04     0.1790E+03     0.2052E-03     0.0000E+00     0.0000E+00     0.4684E+02     0.0000E+00     0.0000E+00     0.0000E+00     0.0000E+00     0.0000E+00     0.0000E+00     0.5166E+01
   365    12    31  1999         1     1  Mini_CREATE                2.0388     0.1761E+05     0.7506E+04     0.7140E+04     0.7231E+04     0.1035E-01     0.2637E-04     0.2722E-02     0.1257E+02     0.3734E+00     0.1002E-02     0.7008E-18     0.0000E+00     0.0000E+00     0.7231E-02     0.0000E+00     0.0000E+00     0.0000E+00     0.0000E+00     0.0000E+00     0.0000E+00     0.4474E+01     0.3774E+03     0.1514E+02     0.1445E+03     0.6365E+02     0.3295E+05     0.2005E+04     0.1069E+03     0.2711E-03     0.0000E+00     0.0000E+00     0.1811E+02     0.4889E+01     0.1019E+00     0.1195E+00     0.1121E+01     0.9834E+00     0.0000E+00     0.1960E+01     0.3774E+03     0.1489E+02     0.1445E+03     0.6364E+02     0.3294E+05     0.2006E+04     0.1069E+03     0.3786E-03     0.0000E+00     0.0000E+00     0.3260E+02     0.0000E+00     0.0000E+00     0.0000E+00     0.0000E+00     0.0000E+00     0.0000E+00     0.8204E+01
   366    12    31  2000         1     1  Mini_CREATE                2.0388     0.1467E+05     0.6799E+04     0.6973E+04     0.4985E+04     0.2261E-05     0.2821E-06     0.6629E-03     0.3605E+01     0.7625E-01     0.3392E-21     0.2147E-05     0.0000E+00     0.0000E+00     0.4971E-02     0.0000E+00     0.0000E+00     0.0000E+00     0.0000E+00     0.0000E+00     0.0000E+00     0.3881E+01     0.3083E+03     0.1011E+02     0.2138E+02     0.1994E+02     0.2846E+05     0.1570E+04     0.8141E+02     0.2555E-03     0.0000E+00     0.0000E+00     0.1459E+02     0.1989E+01     0.4251E-01     0.4917E-01     0.4188E+00     0.3908E+00     0.0000E+00     0.4311E+01     0.3084E+03     0.1298E+02     0.2138E+02     0.1994E+02     0.2846E+05     0.1570E+04     0.8141E+02     0.3097E-03     0.0000E+00     0.0000E+00     0.2664E+02     0.0000E+00     0.0000E+00     0.0000E+00     0.0000E+00     0.0000E+00     0.0000E+00     0.1831E+02
   365    12    31  2001         1     1  Mini_CREATE                2.0388     0.2371E+05     0.7625E+04     0.7438E+04     0.7231E+04     0.2813E-03     0.4191E-02     0.3115E-02     0.6265E+01     0.1581E+00     0.3798E-02     0.0000E+00     0.0000E+00     0.0000E+00     0.7231E-02     0.0000E+00     0.0000E+00     0.0000E+00     0.0000E+00     0.0000E+00     0.0000E+00     0.9345E+00     0.4977E+03     0.2345E+02     0.1977E+03     0.9064E+02     0.3819E+05     0.3262E+04     0.1564E+03     0.1296E-03     0.0000E+00     0.0000E+00     0.2402E+02     0.6571E+01     0.2520E+00     0.2896E+00     0.2824E+01     0.1910E+01     0.0000E+00     0.1593E+01     0.4977E+03     0.1913E+02     0.1977E+03     0.9062E+02     0.3816E+05     0.3261E+04     0.1564E+03     0.1197E-03     0.0000E+00     0.0000E+00     0.4299E+02     0.0000E+00     0.0000E+00     0.0000E+00     0.0000E+00     0.0000E+00     0.0000E+00     0.1538E+01
   365    12    31  2002         1     1  Mini_CREATE                2.0388     0.1823E+05     0.7209E+04     0.7044E+04     0.6284E+04     0.1227E-01     0.2377E-02     0.4865E-02     0.4695E+01     0.6055E-01     0.3351E-08     0.1029E-05     0.0000E+00     0.0000E+00     0.6277E-02     0.0000E+00     0.0000E+00     0.0000E+00     0.0000E+00     0.0000E+00     0.0000E+00     0.9118E+00     0.4181E+03     0.2109E+02     0.2975E+03     0.8706E+02     0.3286E+05     0.2674E+04     0.1253E+03     0.3480E-03     0.0000E+00     0.0000E+00     0.2025E+02     0.7960E+01     0.2746E+00     0.3148E+00     0.3074E+01     0.2122E+01     0.0000E+00     0.2648E+01     0.4181E+03     0.1711E+02     0.2975E+03     0.8705E+02     0.3285E+05     0.2674E+04     0.1253E+03     0.5034E-03     0.0000E+00     0.0000E+00     0.3612E+02     0.0000E+00     0.0000E+00     0.0000E+00     0.0000E+00     0.0000E+00     0.0000E+00     0.2472E+01
   365    12    31  2003         1     1  Mini_CREATE                2.0388     0.1422E+05     0.6286E+04     0.6634E+04     0.6522E+04     0.3359E-03     0.3652E-04     0.2326E-02     0.1837E+02     0.4951E+00     0.5144E-01     0.3826E-06     0.0000E+00     0.0000E+00     0.6521E-02     0.0000E+00     0.0000E+00     0.0000E+00     0.0000E+00     0.0000E+00     0.0000E+00     0.3979E+01     0.1454E+03     0.1241E+02     0.1593E+02     0.1114E+02     0.1589E+05     0.8896E+03     0.3083E+02     0.6946E-03     0.0000E+00     0.0000E+00     0.6929E+01     0.1777E+01     0.3731E-01     0.4307E-01     0.3572E+00     0.3405E+00     0.0000E+00     0.1279E+01     0.1454E+03     0.1619E+02     0.1593E+02     0.1114E+02     0.1586E+05     0.8889E+03     0.3077E+02     0.1226E-02     0.0000E+00     0.0000E+00     0.1256E+02     0.0000E+00     0.0000E+00     0.0000E+00     0.0000E+00     0.0000E+00     0.0000E+00     0.3958E+01
   366    12    31  2004         1     1  Mini_CREATE                2.0388     0.2115E+05     0.7122E+04     0.7395E+04     0.7231E+04     0.6088E-02     0.3481E-01     0.1257E-01     0.1729E+02     0.1083E+01     0.4714E-02     0.0000E+00     0.0000E+00     0.0000E+00     0.7231E-02     0.0000E+00     0.0000E+00     0.0000E+00     0.0000E+00     0.0000E+00     0.0000E+00     0.7081E+01     0.3655E+03     0.1916E+02     0.1693E+03     0.6188E+02     0.4469E+05     0.2570E+04     0.1093E+03     0.2280E-03     0.0000E+00     0.0000E+00     0.1758E+02     0.6147E+01     0.1767E+00     0.2044E+00     0.1970E+01     0.1470E+01     0.0000E+00     0.1477E+01     0.3655E+03     0.1747E+02     0.1692E+03     0.6187E+02     0.4468E+05     0.2569E+04     0.1093E+03     0.2481E-03     0.0000E+00     0.0000E+00     0.3157E+02     0.0000E+00     0.0000E+00     0.0000E+00     0.0000E+00     0.0000E+00     0.0000E+00     0.8568E+01
   365    12    31  2005         1     1  Mini_CREATE                2.0388     0.1561E+05     0.6645E+04     0.6862E+04     0.6346E+04     0.1248E-01     0.2682E-04     0.7100E-02     0.2064E+02     0.7402E-01     0.7476E-05     0.2824E-06     0.0000E+00     0.0000E+00     0.6346E-02     0.0000E+00     0.0000E+00     0.0000E+00     0.0000E+00     0.0000E+00     0.0000E+00     0.5744E+00     0.2825E+03     0.2017E+02     0.3951E+03     0.9379E+02     0.2486E+05     0.1566E+04     0.7928E+02     0.3080E-03     0.0000E+00     0.0000E+00     0.1351E+02     0.9420E+01     0.1821E+00     0.2161E+00     0.2088E+01     0.1770E+01     0.0000E+00     0.2642E+01     0.2825E+03     0.1812E+02     0.3951E+03     0.9379E+02     0.2485E+05     0.1567E+04     0.7928E+02     0.4064E-03     0.0000E+00     0.0000E+00     0.2440E+02     0.0000E+00     0.0000E+00     0.0000E+00     0.0000E+00     0.0000E+00     0.0000E+00     0.1571E+01
   365    12    31  2006         1     1  Mini_CREATE                2.0388     0.1369E+05     0.6334E+04     0.6790E+04     0.6454E+04     0.9513E-02     0.5820E-02     0.8920E-02     0.2102E+02     0.2195E+01     0.7782E-02     0.5494E-06     0.0000E+00     0.0000E+00     0.6454E-02     0.0000E+00     0.0000E+00     0.0000E+00     0.0000E+00     0.0000E+00     0.0000E+00     0.8085E+01     0.1583E+03     0.1046E+02     0.2857E+01     0.5848E+01     0.1432E+05     0.9431E+03     0.2808E+02     0.5381E-03     0.0000E+00     0.0000E+00     0.7632E+01     0.2276E+00     0.1179E-01     0.1251E-01     0.5181E-01     0.4968E-01     0.0000E+00     0.2088E+01     0.1583E+03     0.1482E+02     0.2850E+01     0.5846E+01     0.1429E+05     0.9408E+03     0.2807E+02     0.9180E-03     0.0000E+00     0.0000E+00     0.1367E+02     0.0000E+00     0.0000E+00     0.0000E+00     0.0000E+00     0.0000E+00     0.0000E+00     0.1570E+02
   365    12    31  2007         1     1  Mini_CREATE                2.0388     0.1908E+05     0.7739E+04     0.7313E+04     0.7231E+04     0.1278E-01     0.6932E-07     0.2604E-09     0.6397E+01     0.4020E-01     0.3858E-07     0.7746E-25     0.0000E+00     0.0000E+00     0.7229E-02     0.0000E+00     0.0000E+00     0.0000E+00     0.0000E+00     0.0000E+00     0.0000E+00     0.6201E+01     0.3450E+03     0.1519E+02     0.1120E+03     0.5215E+02     0.3576E+05     0.2632E+04     0.1133E+03     0.2753E-03     0.0000E+00     0.0000E+00     0.1666E+02     0.4441E+01     0.1281E+00     0.1482E+00     0.1410E+01     0.1058E+01     0.0000E+00     0.2095E+01     0.3450E+03     0.1514E+02     0.1120E+03     0.5215E+02     0.3577E+05     0.2634E+04     0.1134E+03     0.3178E-03     0.0000E+00     0.0000E+00     0.2980E+02     0.0000E+00     0.0000E+00     0.0000E+00     0.0000E+00     0.0000E+00     0.0000E+00     0.1224E+02
   366    12    31  2008         1     1  Mini_CREATE                2.0388     0.1702E+05     0.6612E+04     0.6828E+04     0.6427E+04     0.3974E-03     0.8476E-05     0.4810E-04     0.6784E+01     0.2268E+00     0.4445E-01     0.6261E-06     0.0000E+00     0.0000E+00     0.6420E-02     0.0000E+00     0.0000E+00     0.0000E+00     0.0000E+00     0.0000E+00     0.0000E+00     0.1025E+01     0.2570E+03     0.1055E+02     0.5997E+01     0.1383E+02     0.2788E+05     0.2018E+04     0.9437E+02     0.4316E-03     0.0000E+00     0.0000E+00     0.1222E+02     0.6103E+00     0.1815E-01     0.2012E-01     0.1280E+00     0.1222E+00     0.0000E+00     0.1297E+01     0.2570E+03     0.1505E+02     0.5996E+01     0.1383E+02     0.2787E+05     0.2017E+04     0.9432E+02     0.6645E-03     0.0000E+00     0.0000E+00     0.2220E+02     0.0000E+00     0.0000E+00     0.0000E+00     0.0000E+00     0.0000E+00     0.0000E+00     0.1346E+01
   365    12    31  2009         1     1  Mini_CREATE                2.0388     0.1625E+05     0.6797E+04     0.7104E+04     0.6913E+04     0.1101E-01     0.1010E-03     0.5713E-04     0.5824E+01     0.5423E-01     0.1042E-01     0.2085E-06     0.0000E+00     0.0000E+00     0.6905E-02     0.0000E+00     0.0000E+00     0.0000E+00     0.0000E+00     0.0000E+00     0.0000E+00     0.2826E+01     0.2053E+03     0.1363E+02     0.7785E+01     0.1175E+02     0.2137E+05     0.1421E+04     0.5446E+02     0.3425E-03     0.0000E+00     0.0000E+00     0.9764E+01     0.9036E+00     0.2303E-01     0.2596E-01     0.1865E+00     0.1779E+00     0.0000E+00     0.2305E+01     0.2052E+03     0.1813E+02     0.7784E+01     0.1175E+02     0.2135E+05     0.1421E+04     0.5449E+02     0.4060E-03     0.0000E+00     0.0000E+00     0.1773E+02     0.0000E+00     0.0000E+00     0.0000E+00     0.0000E+00     0.0000E+00     0.0000E+00     0.6319E+01
   365    12    31  2010         1     1  Mini_CREATE                2.0388     0.1899E+05     0.7369E+04     0.7319E+04     0.7231E+04     0.1130E-01     0.1214E-06     0.3194E-03     0.3294E+01     0.2980E-01     0.1369E-03     0.0000E+00     0.0000E+00     0.0000E+00     0.7231E-02     0.0000E+00     0.0000E+00     0.0000E+00     0.0000E+00     0.0000E+00     0.0000E+00     0.1940E+01     0.3048E+03     0.1872E+02     0.2899E+02     0.2968E+02     0.3107E+05     0.2014E+04     0.9080E+02     0.2554E-03     0.0000E+00     0.0000E+00     0.1466E+02     0.2675E+01     0.5383E-01     0.6273E-01     0.5542E+00     0.5180E+00     0.0000E+00     0.1826E+01     0.3048E+03     0.2000E+02     0.2899E+02     0.2968E+02     0.3104E+05     0.2014E+04     0.9080E+02     0.2947E-03     0.0000E+00     0.0000E+00     0.2632E+02     0.0000E+00     0.0000E+00     0.0000E+00     0.0000E+00     0.0000E+00     0.0000E+00     0.3352E+01
   365    12    31  2011         1     1  Mini_CREATE                2.0388     0.1470E+05     0.6722E+04     0.7128E+04     0.6248E+04     0.1406E-01     0.1432E-06     0.1642E-05     0.1162E+02     0.4613E+00     0.1158E-09     0.6273E-06     0.0000E+00     0.0000E+00     0.6243E-02     0.0000E+00     0.0000E+00     0.0000E+00     0.0000E+00     0.0000E+00     0.0000E+00     0.4765E+01     0.2463E+03     0.1510E+02     0.9167E+02     0.3166E+02     0.1633E+05     0.1447E+04     0.6470E+02     0.4158E-03     0.0000E+00     0.0000E+00     0.1180E+02     0.4628E+01     0.1300E+00     0.1506E+00     0.1432E+01     0.1094E+01     0.0000E+00     0.2807E+01     0.2463E+03     0.1625E+02     0.9166E+02     0.3166E+02     0.1631E+05     0.1447E+04     0.6469E+02     0.5875E-03     0.0000E+00     0.0000E+00     0.2127E+02     0.0000E+00     0.0000E+00     0.0000E+00     0.0000E+00     0.0000E+00     0.0000E+00     0.1367E+02
   366    12    31  2012         1     1  Mini_CREATE                2.0388     0.1865E+05     0.7016E+04     0.7338E+04     0.7231E+04     0.1354E-01     0.5459E-03     0.3643E-02     0.1733E+02     0.2071E+01     0.4502E-07     0.0000E+00     0.0000E+00     0.0000E+00     0.7231E-02     0.0000E+00     0.0000E+00     0.0000E+00     0.0000E+00     0.0000E+00     0.0000E+00     0.7840E+01     0.2833E+03     0.1657E+02     0.1790E+02     0.2097E+02     0.2867E+05     0.2119E+04     0.9093E+02     0.3346E-03     0.0000E+00     0.0000E+00     0.1358E+02     0.2008E+01     0.4145E-01     0.4800E-01     0.4063E+00     0.3869E+00     0.0000E+00     0.1938E+01     0.2833E+03     0.1926E+02     0.1790E+02     0.2096E+02     0.2864E+05     0.2117E+04     0.9093E+02     0.3802E-03     0.0000E+00     0.0000E+00     0.2447E+02     0.0000E+00     0.0000E+00     0.0000E+00     0.0000E+00     0.0000E+00     0.0000E+00     0.1380E+02
   365    12    31  2013         1     1  Mini_CREATE                2.0388     0.1445E+05     0.6208E+04     0.6872E+04     0.6211E+04     0.1391E-01     0.1835E-06     0.6323E-03     0.1157E+02     0.4694E+00     0.1917E-02     0.8901E-06     0.0000E+00     0.0000E+00     0.6205E-02     0.0000E+00     0.0000E+00     0.0000E+00     0.0000E+00     0.0000E+00     0.0000E+00     0.5272E+01     0.2070E+03     0.1259E+02     0.1112E+02     0.1217E+02     0.2034E+05     0.1322E+04     0.5772E+02     0.3612E-03     0.0000E+00     0.0000E+00     0.9838E+01     0.1218E+01     0.2820E-01     0.3216E-01     0.2483E+00     0.2367E+00     0.0000E+00     0.2591E+01     0.2070E+03     0.1783E+02     0.1112E+02     0.1217E+02     0.2034E+05     0.1324E+04     0.5772E+02     0.4761E-03     0.0000E+00     0.0000E+00     0.1788E+02     0.0000E+00     0.0000E+00     0.0000E+00     0.0000E+00     0.0000E+00     0.0000E+00     0.1353E+02
   365    12    31  2014         1     1  Mini_CREATE                2.0388     0.1284E+05     0.5809E+04     0.6192E+04     0.5075E+04     0.4522E-02     0.1400E-02     0.9441E-02     0.2881E+02     0.1673E+00     0.0000E+00     0.1691E-05     0.0000E+00     0.0000E+00     0.5065E-02     0.0000E+00     0.0000E+00     0.0000E+00     0.0000E+00     0.0000E+00     0.0000E+00     0.4341E+01     0.9855E+02     0.7516E+01     0.8609E+00     0.2862E+01     0.1155E+05     0.5496E+03     0.1627E+02     0.7037E-03     0.0000E+00     0.0000E+00     0.4667E+01     0.8943E-01     0.9528E-02     0.9794E-02     0.2434E-01     0.2356E-01     0.0000E+00     0.4275E+01     0.9856E+02     0.1251E+02     0.8591E+00     0.2853E+01     0.1152E+05     0.5498E+03     0.1627E+02     0.1243E-02     0.0000E+00     0.0000E+00     0.8509E+01     0.0000E+00     0.0000E+00     0.0000E+00     0.0000E+00     0.0000E+00     0.0000E+00     0.1993E+02
   365    12    31  2015         1     1  Mini_CREATE                2.0388     0.1521E+05     0.6209E+04     0.6579E+04     0.6329E+04     0.1392E-01     0.8009E-04     0.7541E-02     0.2916E+02     0.5989E+00     0.0000E+00     0.3209E-06     0.0000E+00     0.0000E+00     0.6323E-02     0.0000E+00     0.0000E+00     0.0000E+00     0.0000E+00     0.0000E+00     0.0000E+00     0.2661E+01     0.1487E+03     0.1054E+02     0.3893E+01     0.7389E+01     0.2203E+05     0.9261E+03     0.3533E+02     0.5953E-03     0.0000E+00     0.0000E+00     0.7127E+01     0.3598E+00     0.1402E-01     0.1518E-01     0.7826E-01     0.7484E-01     0.0000E+00     0.2455E+01     0.1487E+03     0.1448E+02     0.3894E+01     0.7389E+01     0.2200E+05     0.9255E+03     0.3533E+02     0.1026E-02     0.0000E+00     0.0000E+00     0.1284E+02     0.0000E+00     0.0000E+00     0.0000E+00     0.0000E+00     0.0000E+00     0.0000E+00     0.6481E+01
   366    12    31  2016         1     1  Mini_CREATE                2.0388     0.1733E+05     0.6951E+04     0.7308E+04     0.7231E+04     0.9983E-02     0.5649E-07     0.3134E-03     0.1143E+02     0.8774E-01     0.9176E-02     0.2439E-26     0.0000E+00     0.0000E+00     0.7229E-02     0.0000E+00     0.0000E+00     0.0000E+00     0.0000E+00     0.0000E+00     0.0000E+00     0.5454E+01     0.2393E+03     0.1859E+02     0.3049E+02     0.2431E+02     0.2803E+05     0.1742E+04     0.6496E+02     0.4301E-03     0.0000E+00     0.0000E+00     0.1159E+02     0.2320E+01     0.4671E-01     0.5407E-01     0.4661E+00     0.4441E+00     0.0000E+00     0.1775E+01     0.2393E+03     0.2017E+02     0.3047E+02     0.2431E+02     0.2801E+05     0.1742E+04     0.6495E+02     0.6131E-03     0.0000E+00     0.0000E+00     0.2066E+02     0.0000E+00     0.0000E+00     0.0000E+00     0.0000E+00     0.0000E+00     0.0000E+00     0.8542E+01
   365    12    31  2017         1     1  Mini_CREATE                2.0388     0.2332E+05     0.7018E+04     0.7369E+04     0.7231E+04     0.2295E-02     0.1629E-01     0.7386E-02     0.7561E+01     0.8001E+00     0.3284E-03     0.0000E+00     0.0000E+00     0.0000E+00     0.7231E-02     0.0000E+00     0.0000E+00     0.0000E+00     0.0000E+00     0.0000E+00     0.0000E+00     0.5886E+01     0.4668E+03     0.2236E+02     0.1026E+03     0.6113E+02     0.4482E+05     0.4138E+04     0.1900E+03     0.2206E-03     0.0000E+00     0.0000E+00     0.2239E+02     0.5213E+01     0.1475E+00     0.1709E+00     0.1638E+01     0.1253E+01     0.0000E+00     0.1356E+01     0.4668E+03     0.2084E+02     0.1026E+03     0.6111E+02     0.4481E+05     0.4137E+04     0.1900E+03     0.2324E-03     0.0000E+00     0.0000E+00     0.4033E+02     0.0000E+00     0.0000E+00     0.0000E+00     0.0000E+00     0.0000E+00     0.0000E+00     0.6296E+01
   365    12    31  2018         1     1  Mini_CREATE                2.0388     0.1311E+05     0.6052E+04     0.6285E+04     0.3468E+04     0.5602E-02     0.3467E-05     0.2703E-04     0.1072E+02     0.1188E+01     0.0000E+00     0.8003E-05     0.0000E+00     0.0000E+00     0.3463E-02     0.0000E+00     0.0000E+00     0.0000E+00     0.0000E+00     0.0000E+00     0.0000E+00     0.5792E+01     0.2204E+03     0.6938E+01     0.1037E+02     0.1111E+02     0.1404E+05     0.1025E+04     0.6674E+02     0.6269E-03     0.0000E+00     0.0000E+00     0.1057E+02     0.5287E+00     0.1679E-01     0.1849E-01     0.1119E+00     0.1069E+00     0.0000E+00     0.6773E+01     0.2205E+03     0.1018E+02     0.1038E+02     0.1112E+02     0.1403E+05     0.1024E+04     0.6673E+02     0.1228E-02     0.0000E+00     0.0000E+00     0.1904E+02     0.0000E+00     0.0000E+00     0.0000E+00     0.0000E+00     0.0000E+00     0.0000E+00     0.4779E+02
   365    12    31  2019         1     1  Mini_CREATE                2.0388     0.1700E+05     0.6271E+04     0.6933E+04     0.7231E+04     0.1559E-01     0.7525E-07     0.1158E-04     0.1447E+02     0.6166E-01     0.2493E-05     0.7428E-20     0.0000E+00     0.0000E+00     0.7229E-02     0.0000E+00     0.0000E+00     0.0000E+00     0.0000E+00     0.0000E+00     0.0000E+00     0.8283E+01     0.1891E+03     0.1281E+02     0.2423E+01     0.9304E+01     0.2781E+05     0.1519E+04     0.4156E+02     0.6454E-03     0.0000E+00     0.0000E+00     0.9081E+01     0.2626E+00     0.1235E-01     0.1318E-01     0.5866E-01     0.5621E-01     0.0000E+00     0.2097E+01     0.1891E+03     0.1706E+02     0.2423E+01     0.9303E+01     0.2779E+05     0.1520E+04     0.4155E+02     0.1106E-02     0.0000E+00     0.0000E+00     0.1633E+02     0.0000E+00     0.0000E+00     0.0000E+00     0.0000E+00     0.0000E+00     0.0000E+00     0.1597E+02
   366    12    31  2020         1     1  Mini_CREATE                2.0388     0.1642E+05     0.6066E+04     0.6780E+04     0.5079E+04     0.6008E-02     0.2559E-06     0.2652E-02     0.7284E+01     0.9531E-01     0.0000E+00     0.2076E-05     0.0000E+00     0.0000E+00     0.5063E-02     0.0000E+00     0.0000E+00     0.0000E+00     0.0000E+00     0.0000E+00     0.0000E+00     0.4601E+01     0.2364E+03     0.9715E+01     0.1854E+02     0.1862E+02     0.2502E+05     0.1587E+04     0.7734E+02     0.3441E-03     0.0000E+00     0.0000E+00     0.1109E+02     0.1147E+01     0.3456E-01     0.3918E-01     0.3185E+00     0.2605E+00     0.0000E+00     0.4509E+01     0.2365E+03     0.1448E+02     0.1854E+02     0.1862E+02     0.2501E+05     0.1587E+04     0.7733E+02     0.4143E-03     0.0000E+00     0.0000E+00     0.2042E+02     0.0000E+00     0.0000E+00     0.0000E+00     0.0000E+00     0.0000E+00     0.0000E+00     0.2269E+02
   365    12    31  2021         1     1  Mini_CREATE                2.0388     0.1451E+05     0.5778E+04     0.6676E+04     0.6055E+04     0.2276E-01     0.1309E+00     0.6355E-01     0.1112E+02     0.1032E+01     0.0000E+00     0.1227E-05     0.0000E+00     0.0000E+00     0.6051E-02     0.0000E+00     0.0000E+00     0.0000E+00     0.0000E+00     0.0000E+00     0.0000E+00     0.9108E+01     0.1373E+03     0.1223E+02     0.1157E+02     0.8693E+01     0.1613E+05     0.9328E+03     0.2954E+02     0.7439E-03     0.0000E+00     0.0000E+00     0.6541E+01     0.1240E+01     0.2865E-01     0.3266E-01     0.2533E+00     0.2414E+00     0.0000E+00     0.2749E+01     0.1373E+03     0.1612E+02     0.1144E+02     0.8629E+01     0.1611E+05     0.9317E+03     0.2954E+02     0.1338E-02     0.0000E+00     0.0000E+00     0.1186E+02     0.0000E+00     0.0000E+00     0.0000E+00     0.0000E+00     0.0000E+00     0.0000E+00     0.2497E+02
