 Mini_CREATE               SWAT+ Jan 11 2024        MODULAR Rev 2024.61.0                                 
   jday   mon   day    yr     unit   gis_id   name                  area         precip           evap           seep          flo_stor       sed_stor      orgn_stor      sedp_stor       no3_stor      solp_stor      chla_stor       nh3_stor       no2_stor      cbod_stor       dox_stor       san_stor       sil_stor       cla_stor       sag_stor       lag_stor       grv_stor           null         flo_in         sed_in        orgn_in        sedp_in         no3_in        solp_in        chla_in         nh3_in         no2_in        cbod_in         dox_in         san_in         sil_in         cla_in         sag_in         lag_in         grv_in           null        flo_out        sed_out       orgn_out       sedp_out        no3_out       solp_out       chla_out        nh3_out        no2_out       cbod_out        dox_out        san_out        sil_out        cla_out        sag_out        lag_out        grv_out           null
                                                                      ha            m^3            m^3            m^3             m^3           tons            kgN            kgP            kgN            kgP             kg            kgN            kgN             kg             kg           tons           tons           tons           tons           tons           tons                           m^3           tons            kgN            kgP            kgN            kgP             kg            kgN            kgN             kg             kg           tons           tons           tons           tons           tons           tons                           m^3           tons            kgN            kgP            kgN            kgP             kg            kgN            kgN             kg             kg           tons           tons           tons           tons           tons           tons               
   366    12    31  1996       3       1  Mini_CREATE              6.2230     0.5073E+05     0.3398E+05     0.3462E+03     0.9696E+06     0.4282E-04     0.5687E-05     0.2937E-04     0.3236E+03     0.5838E+02     0.1188E+02     0.5588E-05     0.0000E+00     0.0000E+00     0.1878E+01     0.2019E-02     0.0000E+00     0.0000E+00     0.2019E-02     0.2019E-02     0.0000E+00     0.5286E+01     0.1582E+07     0.1382E+00     0.1671E-04     0.4740E-04     0.7437E+03     0.1754E+03     0.0000E+00     0.1283E-04     0.0000E+00     0.0000E+00     0.1572E+01     0.1031E-02     0.1031E-02     0.1031E-02     0.1031E-02     0.1031E-02     0.0000E+00     0.4588E+01     0.9392E+06     0.5422E-04     0.5771E-05     0.3900E-04     0.2722E+03     0.5893E+02     0.1201E+02     0.5609E-05     0.0000E+00     0.0000E+00     0.0000E+00     0.0000E+00     0.9392E-06     0.9392E-06     0.0000E+00     0.0000E+00     0.0000E+00     0.2144E+00
   365    12    31  1997       3       1  Mini_CREATE              7.7769     0.6300E+05     0.4060E+05     0.5332E+03     0.9710E+06     0.3057E-04     0.4457E-05     0.1694E-04     0.4179E+03     0.7288E+02     0.1382E+02     0.8385E-05     0.0000E+00     0.0000E+00     0.3862E+01     0.3047E-02     0.0000E+00     0.0000E+00     0.3047E-02     0.3047E-02     0.0000E+00     0.2651E+01     0.1996E+07     0.3694E-01     0.1671E-04     0.4726E-04     0.1402E+04     0.2457E+03     0.0000E+00     0.2928E-04     0.0000E+00     0.0000E+00     0.1984E+01     0.1028E-02     0.1028E-02     0.1028E-02     0.1028E-02     0.1028E-02     0.0000E+00     0.2376E+01     0.2016E+07     0.7140E-04     0.9602E-05     0.4333E-04     0.7690E+03     0.1393E+03     0.2776E+02     0.1473E-04     0.0000E+00     0.0000E+00     0.0000E+00     0.0000E+00     0.2016E-05     0.2016E-05     0.0000E+00     0.0000E+00     0.0000E+00     0.1333E+00
   365    12    31  1998       3       1  Mini_CREATE              7.8157     0.9051E+05     0.3944E+05     0.7839E+03     0.1003E+07     0.1178E-04     0.2426E+02     0.1102E+02     0.4593E+03     0.7686E+02     0.1604E+02     0.1019E-05     0.0000E+00     0.0000E+00     0.7523E+01     0.3999E+01     0.0000E+00     0.0000E+00     0.6803E+01     0.3379E+01     0.0000E+00     0.1920E+01     0.3822E+07     0.8172E+01     0.1053E+03     0.3900E+02     0.2929E+04     0.4443E+03     0.0000E+00     0.1562E-04     0.0000E+00     0.0000E+00     0.3661E+01     0.3996E+01     0.6036E+00     0.6809E+00     0.6800E+01     0.3376E+01     0.0000E+00     0.1777E+01     0.3840E+07     0.7830E-04     0.6261E+02     0.2465E+02     0.1863E+04     0.2889E+03     0.5968E+02     0.1499E-04     0.0000E+00     0.0000E+00     0.0000E+00     0.0000E+00     0.3840E-05     0.3840E-05     0.0000E+00     0.0000E+00     0.0000E+00     0.1229E+00
   365    12    31  1999       3       1  Mini_CREATE              7.8669     0.6597E+05     0.4364E+05     0.1044E+04     0.9739E+06     0.3233E-04     0.2795E+00     0.4855E+00     0.7669E+03     0.6442E+02     0.1257E+02     0.1410E-04     0.0000E+00     0.0000E+00     0.1006E+02     0.4023E+01     0.0000E+00     0.0000E+00     0.6843E+01     0.3400E+01     0.0000E+00     0.2742E+01     0.2574E+07     0.1187E+00     0.5942E+00     0.2197E+00     0.2445E+04     0.2451E+03     0.0000E+00     0.2973E-04     0.0000E+00     0.0000E+00     0.2533E+01     0.2424E-01     0.4523E-02     0.4972E-02     0.4053E-01     0.2064E-01     0.0000E+00     0.2539E+01     0.2624E+07     0.4521E-04     0.1790E+02     0.9618E+01     0.1269E+04     0.1688E+03     0.3565E+02     0.5845E-05     0.0000E+00     0.0000E+00     0.0000E+00     0.0000E+00     0.2624E-05     0.2624E-05     0.0000E+00     0.0000E+00     0.0000E+00     0.1023E+00
   366    12    31  2000       3       1  Mini_CREATE              7.7872     0.5520E+05     0.4177E+05     0.1199E+04     0.9894E+06     0.2752E-04     0.3576E-01     0.7169E-01     0.2463E+03     0.3564E+02     0.8288E+01     0.3451E-04     0.0000E+00     0.0000E+00     0.1205E+02     0.4038E+01     0.0000E+00     0.0000E+00     0.6868E+01     0.3413E+01     0.0000E+00     0.6160E+01     0.2023E+07     0.8626E-01     0.3672E+00     0.1325E+00     0.2583E+04     0.1846E+03     0.0000E+00     0.4848E-04     0.0000E+00     0.0000E+00     0.1999E+01     0.1475E-01     0.3091E-02     0.3357E-02     0.2439E-01     0.1262E-01     0.0000E+00     0.6197E+01     0.2020E+07     0.4184E-04     0.3321E+00     0.4790E+00     0.1590E+04     0.1349E+03     0.2714E+02     0.6997E-05     0.0000E+00     0.0000E+00     0.0000E+00     0.0000E+00     0.2020E-05     0.2020E-05     0.0000E+00     0.0000E+00     0.0000E+00     0.0000E+00
   365    12    31  2001       3       1  Mini_CREATE              7.8809     0.8810E+05     0.3960E+05     0.1313E+04     0.9673E+06     0.1871E-04     0.2386E+01     0.1181E+01     0.5468E+03     0.6433E+02     0.1266E+02     0.1990E-06     0.0000E+00     0.0000E+00     0.1554E+02     0.5109E+01     0.0000E+00     0.0000E+00     0.8689E+01     0.4318E+01     0.0000E+00     0.2520E+01     0.3567E+07     0.2338E+01     0.2924E+02     0.1036E+02     0.2411E+04     0.4285E+03     0.0000E+00     0.2953E-05     0.0000E+00     0.0000E+00     0.3480E+01     0.1071E+01     0.1624E+00     0.1831E+00     0.1822E+01     0.9050E+00     0.0000E+00     0.2303E+01     0.3637E+07     0.8973E-04     0.2178E+02     0.8292E+01     0.1420E+04     0.2572E+03     0.5213E+02     0.2069E-04     0.0000E+00     0.0000E+00     0.0000E+00     0.0000E+00     0.3637E-05     0.3637E-05     0.0000E+00     0.0000E+00     0.0000E+00     0.1299E+00
   365    12    31  2002       3       1  Mini_CREATE              7.9377     0.6976E+05     0.4455E+05     0.1585E+04     0.1016E+07     0.3854E-04     0.8598E-01     0.1347E+00     0.4742E+03     0.6605E+02     0.1307E+02     0.1398E-04     0.0000E+00     0.0000E+00     0.1818E+02     0.5275E+01     0.0000E+00     0.0000E+00     0.8971E+01     0.4458E+01     0.0000E+00     0.2827E+01     0.2801E+07     0.6589E+00     0.4871E+01     0.1728E+01     0.2937E+04     0.3278E+03     0.0000E+00     0.3859E-04     0.0000E+00     0.0000E+00     0.2645E+01     0.1660E+00     0.2589E-01     0.2908E-01     0.2817E+00     0.1404E+00     0.0000E+00     0.2676E+01     0.2777E+07     0.3645E-04     0.4705E+01     0.2477E+01     0.1824E+04     0.2143E+03     0.4177E+02     0.9326E-05     0.0000E+00     0.0000E+00     0.0000E+00     0.0000E+00     0.2777E-05     0.2777E-05     0.0000E+00     0.0000E+00     0.0000E+00     0.7262E-01
   365    12    31  2003       3       1  Mini_CREATE              7.8722     0.5428E+05     0.4414E+05     0.1614E+04     0.9589E+06     0.4229E-04     0.9626E-02     0.3552E-01     0.5505E+03     0.8588E+02     0.1550E+02     0.3064E-04     0.0000E+00     0.0000E+00     0.1891E+02     0.5276E+01     0.0000E+00     0.0000E+00     0.8972E+01     0.4459E+01     0.0000E+00     0.2578E+01     0.7403E+06     0.1380E+00     0.5620E-02     0.2023E-02     0.1109E+04     0.1263E+03     0.0000E+00     0.4916E-04     0.0000E+00     0.0000E+00     0.7324E+00     0.1262E-02     0.1062E-02     0.1067E-02     0.1427E-02     0.1225E-02     0.0000E+00     0.2276E+01     0.8058E+06     0.2853E-04     0.3446E-01     0.6886E-01     0.4239E+03     0.5044E+02     0.1030E+02     0.1011E-04     0.0000E+00     0.0000E+00     0.0000E+00     0.0000E+00     0.8058E-06     0.8058E-06     0.0000E+00     0.0000E+00     0.0000E+00     0.5840E+00
   366    12    31  2004       3       1  Mini_CREATE              7.9319     0.7939E+05     0.4175E+05     0.1710E+04     0.9880E+06     0.2903E-04     0.1209E+00     0.1328E+00     0.8751E+03     0.1086E+03     0.1846E+02     0.5381E-05     0.0000E+00     0.0000E+00     0.2130E+02     0.5457E+01     0.0000E+00     0.0000E+00     0.9280E+01     0.4612E+01     0.0000E+00     0.2103E+01     0.2486E+07     0.6131E+00     0.5254E+01     0.1827E+01     0.3353E+04     0.3182E+03     0.0000E+00     0.3006E-04     0.0000E+00     0.0000E+00     0.2392E+01     0.1810E+00     0.2816E-01     0.3164E-01     0.3073E+00     0.1531E+00     0.0000E+00     0.1887E+01     0.2492E+07     0.6500E-04     0.2837E+01     0.1467E+01     0.1611E+04     0.1850E+03     0.3641E+02     0.2818E-04     0.0000E+00     0.0000E+00     0.0000E+00     0.0000E+00     0.2492E-05     0.2492E-05     0.0000E+00     0.0000E+00     0.0000E+00     0.1898E+00
   365    12    31  2005       3       1  Mini_CREATE              7.9305     0.5899E+05     0.4307E+05     0.1834E+04     0.9798E+06     0.3135E-04     0.1025E+01     0.6622E+00     0.3414E+03     0.7161E+02     0.1358E+02     0.1852E-04     0.0000E+00     0.0000E+00     0.2300E+02     0.5684E+01     0.0000E+00     0.0000E+00     0.9665E+01     0.4804E+01     0.0000E+00     0.2529E+01     0.1795E+07     0.6042E+00     0.6652E+01     0.2302E+01     0.1929E+04     0.1841E+03     0.0000E+00     0.2718E-04     0.0000E+00     0.0000E+00     0.1699E+01     0.2268E+00     0.3507E-01     0.3944E-01     0.3853E+00     0.1918E+00     0.0000E+00     0.2284E+01     0.1817E+07     0.3199E-04     0.3048E+01     0.1319E+01     0.1308E+04     0.1342E+03     0.2642E+02     0.4298E-05     0.0000E+00     0.0000E+00     0.0000E+00     0.0000E+00     0.1817E-05     0.1817E-05     0.0000E+00     0.0000E+00     0.0000E+00     0.3689E-01
   365    12    31  2006       3       1  Mini_CREATE              7.8897     0.5242E+05     0.4366E+05     0.1815E+04     0.9699E+06     0.4766E-04     0.1581E+00     0.1874E+00     0.4634E+03     0.8040E+02     0.1459E+02     0.2118E-04     0.0000E+00     0.0000E+00     0.2372E+02     0.5685E+01     0.0000E+00     0.0000E+00     0.9666E+01     0.4805E+01     0.0000E+00     0.2043E+01     0.7210E+06     0.2653E+00     0.1654E-04     0.4729E-04     0.7547E+03     0.1228E+03     0.0000E+00     0.3416E-04     0.0000E+00     0.0000E+00     0.7154E+00     0.1028E-02     0.1028E-02     0.1028E-02     0.1028E-02     0.1028E-02     0.0000E+00     0.1735E+01     0.7378E+06     0.2504E-04     0.3577E+00     0.2936E+00     0.2636E+03     0.4567E+02     0.9364E+01     0.1306E-04     0.0000E+00     0.0000E+00     0.0000E+00     0.0000E+00     0.7378E-06     0.7378E-06     0.0000E+00     0.0000E+00     0.0000E+00     0.2734E+00
   365    12    31  2007       3       1  Mini_CREATE              7.9016     0.7559E+05     0.4302E+05     0.1911E+04     0.1018E+07     0.4120E-04     0.1145E+00     0.1514E+00     0.5468E+03     0.1110E+03     0.1946E+02     0.1540E-04     0.0000E+00     0.0000E+00     0.2587E+02     0.5859E+01     0.0000E+00     0.0000E+00     0.9962E+01     0.4953E+01     0.0000E+00     0.5090E+01     0.2237E+07     0.8199E+00     0.4860E+01     0.1672E+01     0.3479E+04     0.3730E+03     0.0000E+00     0.3678E-04     0.0000E+00     0.0000E+00     0.2153E+01     0.1748E+00     0.2723E-01     0.3059E-01     0.2967E+00     0.1478E+00     0.0000E+00     0.4567E+01     0.2220E+07     0.5079E-04     0.2600E+01     0.1409E+01     0.1765E+04     0.2022E+03     0.3778E+02     0.1951E-04     0.0000E+00     0.0000E+00     0.0000E+00     0.0000E+00     0.2220E-05     0.2220E-05     0.0000E+00     0.0000E+00     0.0000E+00     0.1207E+00
   366    12    31  2008       3       1  Mini_CREATE              7.9336     0.6533E+05     0.4309E+05     0.1969E+04     0.9594E+06     0.3713E-04     0.2177E-02     0.1245E-01     0.4588E+03     0.7049E+02     0.1320E+02     0.2254E-04     0.0000E+00     0.0000E+00     0.2760E+02     0.5860E+01     0.0000E+00     0.0000E+00     0.9963E+01     0.4953E+01     0.0000E+00     0.4997E+01     0.1739E+07     0.1334E+00     0.1676E-04     0.4760E-04     0.2253E+04     0.2598E+03     0.0000E+00     0.4131E-04     0.0000E+00     0.0000E+00     0.1728E+01     0.1031E-02     0.1031E-02     0.1031E-02     0.1031E-02     0.1031E-02     0.0000E+00     0.4568E+01     0.1817E+07     0.4906E-04     0.5909E-01     0.1090E+00     0.1165E+04     0.1704E+03     0.3147E+02     0.1338E-04     0.0000E+00     0.0000E+00     0.0000E+00     0.0000E+00     0.1817E-05     0.1817E-05     0.0000E+00     0.0000E+00     0.0000E+00     0.4075E+00
   365    12    31  2009       3       1  Mini_CREATE              8.0213     0.6337E+05     0.4460E+05     0.1989E+04     0.9672E+06     0.4929E-04     0.1067E-03     0.1965E-02     0.4342E+03     0.8430E+02     0.1559E+02     0.1976E-04     0.0000E+00     0.0000E+00     0.2886E+02     0.5861E+01     0.0000E+00     0.0000E+00     0.9964E+01     0.4954E+01     0.0000E+00     0.5123E+01     0.1266E+07     0.1980E+00     0.1682E-04     0.4723E-04     0.1426E+04     0.1897E+03     0.0000E+00     0.4758E-04     0.0000E+00     0.0000E+00     0.1259E+01     0.1028E-02     0.1028E-02     0.1028E-02     0.1028E-02     0.1028E-02     0.0000E+00     0.4385E+01     0.1275E+07     0.4802E-04     0.9436E-03     0.7855E-02     0.6319E+03     0.9228E+02     0.1814E+02     0.2079E-04     0.0000E+00     0.0000E+00     0.0000E+00     0.0000E+00     0.1275E-05     0.1275E-05     0.0000E+00     0.0000E+00     0.0000E+00     0.2106E+00
   365    12    31  2010       3       1  Mini_CREATE              7.9685     0.7432E+05     0.4327E+05     0.2028E+04     0.9870E+06     0.3910E-04     0.4936E-02     0.4452E-02     0.4385E+03     0.7173E+02     0.1366E+02     0.2250E-05     0.0000E+00     0.0000E+00     0.3084E+02     0.5865E+01     0.0000E+00     0.0000E+00     0.9970E+01     0.4958E+01     0.0000E+00     0.2833E+01     0.2006E+07     0.2682E+00     0.1564E+00     0.5362E-01     0.1624E+04     0.2628E+03     0.0000E+00     0.1093E-04     0.0000E+00     0.0000E+00     0.1984E+01     0.3879E-02     0.1453E-02     0.1508E-02     0.5884E-02     0.3435E-02     0.0000E+00     0.2511E+01     0.2015E+07     0.7160E-04     0.8765E-01     0.3998E-01     0.8675E+03     0.1562E+03     0.3026E+02     0.1435E-04     0.0000E+00     0.0000E+00     0.0000E+00     0.0000E+00     0.2015E-05     0.2015E-05     0.0000E+00     0.0000E+00     0.0000E+00     0.1668E+00
   365    12    31  2011       3       1  Mini_CREATE              7.9698     0.5737E+05     0.4319E+05     0.2116E+04     0.1000E+07     0.3592E-04     0.2526E+00     0.1868E+00     0.3422E+03     0.8671E+02     0.1592E+02     0.3823E-04     0.0000E+00     0.0000E+00     0.3225E+02     0.5973E+01     0.0000E+00     0.0000E+00     0.1015E+02     0.5049E+01     0.0000E+00     0.4805E+01     0.1480E+07     0.4158E+00     0.3073E+01     0.1052E+01     0.1201E+04     0.2003E+03     0.0000E+00     0.5621E-04     0.0000E+00     0.0000E+00     0.1404E+01     0.1076E+00     0.1710E-01     0.1916E-01     0.1825E+00     0.9110E-01     0.0000E+00     0.4335E+01     0.1478E+07     0.2922E-04     0.1757E+01     0.7077E+00     0.7426E+03     0.1099E+03     0.2157E+02     0.4205E-05     0.0000E+00     0.0000E+00     0.0000E+00     0.0000E+00     0.1478E-05     0.1478E-05     0.0000E+00     0.0000E+00     0.0000E+00     0.4528E-01
   366    12    31  2012       3       1  Mini_CREATE              7.9929     0.7222E+05     0.4245E+05     0.2158E+04     0.1019E+07     0.4963E-04     0.4825E-02     0.1420E-01     0.5477E+03     0.9381E+02     0.1688E+02     0.9982E-05     0.0000E+00     0.0000E+00     0.3411E+02     0.5974E+01     0.0000E+00     0.0000E+00     0.1015E+02     0.5050E+01     0.0000E+00     0.1788E+01     0.1873E+07     0.2271E+00     0.1682E-04     0.4732E-04     0.2334E+04     0.2969E+03     0.0000E+00     0.3279E-04     0.0000E+00     0.0000E+00     0.1862E+01     0.1031E-02     0.1031E-02     0.1031E-02     0.1031E-02     0.1031E-02     0.0000E+00     0.1667E+01     0.1881E+07     0.5557E-04     0.1281E+00     0.1344E+00     0.1037E+04     0.1599E+03     0.3031E+02     0.3133E-04     0.0000E+00     0.0000E+00     0.0000E+00     0.0000E+00     0.1881E-05     0.1881E-05     0.0000E+00     0.0000E+00     0.0000E+00     0.1426E+00
   365    12    31  2013       3       1  Mini_CREATE              7.9047     0.5583E+05     0.4131E+05     0.2197E+04     0.9603E+06     0.4805E-04     0.2123E-03     0.2149E-02     0.3079E+03     0.8901E+02     0.1607E+02     0.2962E-04     0.0000E+00     0.0000E+00     0.3531E+02     0.5975E+01     0.0000E+00     0.0000E+00     0.1015E+02     0.5051E+01     0.0000E+00     0.4708E+01     0.1205E+07     0.2495E+00     0.1677E-04     0.4726E-04     0.1590E+04     0.1850E+03     0.0000E+00     0.4692E-04     0.0000E+00     0.0000E+00     0.1197E+01     0.1028E-02     0.1028E-02     0.1028E-02     0.1028E-02     0.1028E-02     0.0000E+00     0.4612E+01     0.1276E+07     0.3745E-04     0.2404E-02     0.9453E-02     0.8396E+03     0.9946E+02     0.1924E+02     0.7420E-05     0.0000E+00     0.0000E+00     0.0000E+00     0.0000E+00     0.1276E-05     0.1276E-05     0.0000E+00     0.0000E+00     0.0000E+00     0.5243E-01
   365    12    31  2014       3       1  Mini_CREATE              7.9723     0.5213E+05     0.4467E+05     0.2141E+04     0.1004E+07     0.5772E-04     0.4901E-04     0.7915E-03     0.2567E+03     0.6463E+02     0.1301E+02     0.2585E-04     0.0000E+00     0.0000E+00     0.3568E+02     0.5976E+01     0.0000E+00     0.0000E+00     0.1016E+02     0.5052E+01     0.0000E+00     0.2642E+01     0.3739E+06     0.1920E+00     0.1637E-04     0.4764E-04     0.6679E+03     0.8289E+02     0.0000E+00     0.3041E-04     0.0000E+00     0.0000E+00     0.3701E+00     0.1028E-02     0.1028E-02     0.1028E-02     0.1028E-02     0.1028E-02     0.0000E+00     0.2440E+01     0.3354E+06     0.1197E-04     0.5095E-04     0.5822E-03     0.1763E+03     0.2864E+02     0.5424E+01     0.7280E-05     0.0000E+00     0.0000E+00     0.0000E+00     0.0000E+00     0.3354E-06     0.3354E-06     0.0000E+00     0.0000E+00     0.0000E+00     0.0000E+00
   365    12    31  2015       3       1  Mini_CREATE              7.8197     0.5849E+05     0.4392E+05     0.2090E+04     0.9983E+06     0.6065E-04     0.1185E-04     0.2266E-03     0.3604E+03     0.6813E+02     0.1269E+02     0.3150E-04     0.0000E+00     0.0000E+00     0.3646E+02     0.5977E+01     0.0000E+00     0.0000E+00     0.1016E+02     0.5053E+01     0.0000E+00     0.2572E+01     0.7865E+06     0.8682E-01     0.1659E-04     0.4742E-04     0.1691E+04     0.1376E+03     0.0000E+00     0.4136E-04     0.0000E+00     0.0000E+00     0.7813E+00     0.1028E-02     0.1028E-02     0.1028E-02     0.1028E-02     0.1028E-02     0.0000E+00     0.2144E+01     0.8048E+06     0.3203E-04     0.1899E-04     0.4071E-03     0.5456E+03     0.6022E+02     0.1178E+02     0.9558E-05     0.0000E+00     0.0000E+00     0.0000E+00     0.0000E+00     0.8048E-06     0.8048E-06     0.0000E+00     0.0000E+00     0.0000E+00     0.0000E+00
   366    12    31  2016       3       1  Mini_CREATE              7.9030     0.6843E+05     0.4166E+05     0.2106E+04     0.9751E+06     0.5061E-04     0.5588E-05     0.4571E-04     0.7198E+03     0.1264E+03     0.2107E+02     0.1353E-04     0.0000E+00     0.0000E+00     0.3781E+02     0.5977E+01     0.0000E+00     0.0000E+00     0.1016E+02     0.5054E+01     0.0000E+00     0.4635E+01     0.1361E+07     0.2991E+00     0.1680E-04     0.4739E-04     0.2205E+04     0.2892E+03     0.0000E+00     0.3747E-04     0.0000E+00     0.0000E+00     0.1352E+01     0.1031E-02     0.1031E-02     0.1031E-02     0.1031E-02     0.1031E-02     0.0000E+00     0.3746E+01     0.1409E+07     0.5626E-04     0.9528E-05     0.1632E-03     0.8126E+03     0.1138E+03     0.2166E+02     0.2453E-04     0.0000E+00     0.0000E+00     0.0000E+00     0.0000E+00     0.1409E-05     0.1409E-05     0.0000E+00     0.0000E+00     0.0000E+00     0.2384E+00
   365    12    31  2017       3       1  Mini_CREATE              7.9631     0.9160E+05     0.3884E+05     0.2199E+04     0.1020E+07     0.3221E-04     0.2721E+01     0.1251E+01     0.8224E+03     0.1310E+03     0.2165E+02     0.7993E-06     0.0000E+00     0.0000E+00     0.4110E+02     0.6376E+01     0.0000E+00     0.0000E+00     0.1084E+02     0.5391E+01     0.0000E+00     0.2285E+01     0.3365E+07     0.1017E+01     0.1125E+02     0.3772E+01     0.3523E+04     0.5819E+03     0.0000E+00     0.2072E-04     0.0000E+00     0.0000E+00     0.3289E+01     0.3988E+00     0.6100E-01     0.6869E-01     0.6779E+00     0.3371E+00     0.0000E+00     0.2012E+01     0.3371E+07     0.7734E-04     0.5941E+01     0.2231E+01     0.1971E+04     0.3487E+03     0.6335E+02     0.1884E-04     0.0000E+00     0.0000E+00     0.0000E+00     0.0000E+00     0.3371E-05     0.3371E-05     0.0000E+00     0.0000E+00     0.0000E+00     0.2006E+00
   365    12    31  2018       3       1  Mini_CREATE              7.9842     0.5211E+05     0.4558E+05     0.2324E+04     0.1002E+07     0.5072E-04     0.1349E+00     0.1802E+00     0.2220E+03     0.5048E+02     0.1086E+02     0.3989E-04     0.0000E+00     0.0000E+00     0.4248E+02     0.6384E+01     0.0000E+00     0.0000E+00     0.1085E+02     0.5397E+01     0.0000E+00     0.2753E+01     0.1393E+07     0.1386E+00     0.1869E+00     0.6270E-01     0.1200E+04     0.1217E+03     0.0000E+00     0.5182E-04     0.0000E+00     0.0000E+00     0.1384E+01     0.7725E-02     0.2034E-02     0.2164E-02     0.1243E-01     0.6685E-02     0.0000E+00     0.2544E+01     0.1415E+07     0.1972E-04     0.1668E+01     0.9380E+00     0.9685E+03     0.1158E+03     0.2225E+02     0.4600E-06     0.0000E+00     0.0000E+00     0.0000E+00     0.0000E+00     0.1415E-05     0.1415E-05     0.0000E+00     0.0000E+00     0.0000E+00     0.0000E+00
   365    12    31  2019       3       1  Mini_CREATE              7.9953     0.6761E+05     0.4391E+05     0.2289E+04     0.1013E+07     0.6410E-04     0.7128E-02     0.3838E-01     0.7431E+03     0.8755E+02     0.1572E+02     0.1677E-04     0.0000E+00     0.0000E+00     0.4354E+02     0.6385E+01     0.0000E+00     0.0000E+00     0.1085E+02     0.5398E+01     0.0000E+00     0.4867E+01     0.1063E+07     0.1680E+00     0.1667E-04     0.4729E-04     0.2065E+04     0.1934E+03     0.0000E+00     0.4116E-04     0.0000E+00     0.0000E+00     0.1057E+01     0.1028E-02     0.1028E-02     0.1028E-02     0.1028E-02     0.1028E-02     0.0000E+00     0.3989E+01     0.1074E+07     0.3483E-04     0.5317E-01     0.1032E+00     0.6321E+03     0.6835E+02     0.1385E+02     0.2420E-04     0.0000E+00     0.0000E+00     0.0000E+00     0.0000E+00     0.1074E-05     0.1074E-05     0.0000E+00     0.0000E+00     0.0000E+00     0.1877E+00
   366    12    31  2020       3       1  Mini_CREATE              7.9272     0.6193E+05     0.4154E+05     0.2346E+04     0.9990E+06     0.5592E-04     0.9223E-01     0.1109E+00     0.2606E+03     0.4390E+02     0.9737E+01     0.3964E-04     0.0000E+00     0.0000E+00     0.4504E+02     0.6439E+01     0.0000E+00     0.0000E+00     0.1094E+02     0.5444E+01     0.0000E+00     0.3439E+01     0.1517E+07     0.1787E+00     0.1477E+01     0.4914E+00     0.2373E+04     0.1991E+03     0.0000E+00     0.5460E-04     0.0000E+00     0.0000E+00     0.1500E+01     0.5386E-01     0.8994E-02     0.1002E-01     0.9094E-01     0.4566E-01     0.0000E+00     0.3319E+01     0.1548E+07     0.4121E-04     0.6698E+00     0.3310E+00     0.1326E+04     0.1375E+03     0.2578E+02     0.7871E-05     0.0000E+00     0.0000E+00     0.0000E+00     0.0000E+00     0.1548E-05     0.1548E-05     0.0000E+00     0.0000E+00     0.0000E+00     0.0000E+00
   365    12    31  2021       3       1  Mini_CREATE              7.9978     0.5554E+05     0.4216E+05     0.2289E+04     0.1010E+07     0.7299E-04     0.1110E-01     0.3249E-01     0.2465E+03     0.5951E+02     0.1196E+02     0.4032E-04     0.0000E+00     0.0000E+00     0.4570E+02     0.6440E+01     0.0000E+00     0.0000E+00     0.1094E+02     0.5445E+01     0.0000E+00     0.2711E+01     0.6706E+06     0.8341E-01     0.1663E-04     0.4738E-04     0.9225E+03     0.1277E+03     0.0000E+00     0.4757E-04     0.0000E+00     0.0000E+00     0.6656E+00     0.1028E-02     0.1028E-02     0.1028E-02     0.1028E-02     0.1028E-02     0.0000E+00     0.2402E+01     0.6706E+06     0.2296E-04     0.3366E-01     0.5033E-01     0.3460E+03     0.5041E+02     0.9847E+01     0.1455E-04     0.0000E+00     0.0000E+00     0.0000E+00     0.0000E+00     0.6706E-06     0.6706E-06     0.0000E+00     0.0000E+00     0.0000E+00     0.0000E+00
