 Mini_CREATE               SWAT+ Jan 11 2024        MODULAR Rev 2024.61.0                                 
       year     plant_no   plant_name       harv_area(ha)    yld(t)         yld(t/ha)      
        2021           1 frsd              0.0000000E+00  0.0000000E+00  0.0000000E+00
        2021           2 frse              0.0000000E+00  0.0000000E+00  0.0000000E+00
        2021           3 frst              0.0000000E+00  0.0000000E+00  0.0000000E+00
        2021           4 orcd               2.044613      0.5309337      0.2596744    
        2021           5 rnge               17.16345      0.0000000E+00  0.0000000E+00
        2021           6 wetl              0.0000000E+00  0.0000000E+00  0.0000000E+00
        2021           7 fesc               798.4664       372.9785      0.4671187    
        2021           8 lupn               148.2538       112.2472      0.7571284    
        2021           9 oats               146.4310       360.5662       2.462362    
        2021          10 barl               85.30756       246.6407       2.891193    
        2021          11 fpea               64.83719       231.3215       3.567729    
        2021          12 pota               211.2215       873.2195       4.134142    
        2021          13 buck               19.18501       27.89293       1.453892    
        2021          14 canp               240.4069       709.2703       2.950291    
        2021          15 wwht               238.6516       456.9212       1.914595    
        2021          16 rye                98.66875       387.6727       3.929032    
        2021          17 trit               130.1385       634.1356       4.872773    
        2021          18 csil               15.83224       127.3975       8.046710    
        2021          19 lmix              0.0000000E+00  0.0000000E+00  0.0000000E+00
