 Mini_CREATE               SWAT+ Jan 11 2024        MODULAR Rev 2024.61.0                                 
   jday   mon   day    yr   unit  gis_id  name                    flo_in          geo_bf         flo_out           peakr         sed_in        sed_out         washld          bedld            dep        deg_btm       deg_bank         hc_sed          width          depth          slope        deg_btm       deg_bank         hc_len      flo_in_mm       aqu_in_mm      flo_out_mm        sed_stor 
                                                                   m^3/s           m^3/s           m^3/s           m^3/s           tons           tons           tons           tons           tons           tons           tons           tons              m              m            m/m              m              m              m             mm              mm              mm            tons 
   365    12    31  2005       1       0  cha1                 0.2108E-01     0.1920E-01     0.2111E-01     0.9117E-01     0.3878E+01     0.2283E+01     0.1939E+01     0.0000E+00     0.1939E+01     0.0000E+00     0.3438E+00     0.0000E+00     0.1405E+01     0.2021E+00     0.1220E-02     0.0000E+00     0.4067E-01     0.0000E+00     0.4253E+04     0.3872E+04     0.4257E+04     0.4858E-03
   365    12    31  2005       2       0  cha2                 0.6062E-01     0.5024E-01     0.6062E-01     0.2927E+00     0.4721E-01     0.2577E+00     0.2361E-01     0.0000E+00     0.2360E-01     0.0000E+00     0.2341E+00     0.0000E+00     0.8353E+00     0.1475E+00     0.3140E-02     0.0000E+00     0.7667E-01     0.0000E+00     0.5356E+05     0.4439E+05     0.5356E+05     0.9864E-04
   365    12    31  2005       3       0  cha3                 0.9701E-01     0.3366E-01     0.9701E-01     0.4318E+00     0.5341E+00     0.2521E+01     0.2670E+00     0.0000E+00     0.2670E+00     0.2643E+00     0.1990E+01     0.0000E+00     0.1292E+01     0.2035E+00     0.5260E-02     0.7194E-02     0.2644E+00     0.0000E+00     0.2481E+05     0.8611E+04     0.2481E+05     0.1207E-02
   365    12    31  2005       4       0  cha4                 0.7931E-01     0.7575E-01     0.7931E-01     0.3343E+00     0.3720E+01     0.2554E+01     0.1860E+01     0.0000E+00     0.1839E+01     0.0000E+00     0.6938E+00     0.0000E+00     0.1495E+01     0.2098E+00     0.1700E-02     0.0000E+00     0.7281E-01     0.0000E+00     0.1342E+05     0.1282E+05     0.1342E+05     0.2616E-02
   365    12    31  2005       5       0  cha5                 0.2728E+00     0.7706E-01     0.2728E+00     0.8661E+00     0.6670E+01     0.4710E+01     0.3335E+01     0.0000E+00     0.3114E+01     0.0000E+00     0.1375E+01     0.0000E+00     0.2222E+01     0.2667E+00     0.1020E-02     0.0000E+00     0.6745E-01     0.0000E+00     0.1496E+05     0.4225E+04     0.1496E+05     0.2548E-02
   365    12    31  2005       6       0  cha6                 0.3176E+00     0.2328E-01     0.3176E+00     0.8498E+00     0.1042E+02     0.7118E+01     0.5210E+01     0.0000E+00     0.4355E+01     0.0000E+00     0.1908E+01     0.0000E+00     0.2569E+01     0.2911E+00     0.8800E-03     0.0000E+00     0.7054E-01     0.0000E+00     0.1153E+05     0.8451E+03     0.1153E+05     0.1219E-02
   365    12    31  2006       1       0  cha1                 0.1454E-02     0.1195E-02     0.1454E-02     0.6285E-02     0.2163E-02     0.1036E+00     0.1081E-02     0.0000E+00     0.1081E-02     0.0000E+00     0.1026E+00     0.0000E+00     0.1405E+01     0.2021E+00     0.1220E-02     0.0000E+00     0.1232E-01     0.0000E+00     0.2932E+03     0.2410E+03     0.2933E+03     0.1355E-03
   365    12    31  2006       2       0  cha2                 0.1879E-01     0.1417E-01     0.1879E-01     0.9070E-01     0.5405E-06     0.3809E+00     0.2702E-06     0.0000E+00     0.1740E-06     0.0000E+00     0.3809E+00     0.0000E+00     0.8353E+00     0.1475E+00     0.3140E-02     0.0000E+00     0.1239E+00     0.0000E+00     0.1660E+05     0.1252E+05     0.1660E+05     0.1517E-03
   365    12    31  2006       3       0  cha3                 0.3674E-01     0.1746E-01     0.3674E-01     0.1635E+00     0.2053E-04     0.3977E+01     0.1026E-04     0.0000E+00     0.3007E-06     0.0000E+00     0.3977E+01     0.0000E+00     0.1292E+01     0.2035E+00     0.5260E-02     0.0000E+00     0.5325E+00     0.0000E+00     0.9398E+04     0.4466E+04     0.9398E+04     0.3033E-02
   365    12    31  2006       4       0  cha4                 0.4657E-01     0.4594E-01     0.4657E-01     0.1963E+00     0.6978E-01     0.2352E+00     0.3489E-01     0.0000E+00     0.3489E-01     0.0000E+00     0.2003E+00     0.0000E+00     0.1495E+01     0.2098E+00     0.1700E-02     0.0000E+00     0.2096E-01     0.0000E+00     0.7879E+04     0.7773E+04     0.7879E+04     0.3095E-03
   365    12    31  2006       5       0  cha5                 0.1446E+00     0.5111E-01     0.1446E+00     0.4591E+00     0.4298E+01     0.3332E+01     0.2149E+01     0.0000E+00     0.2111E+01     0.0000E+00     0.1182E+01     0.0000E+00     0.2222E+01     0.2667E+00     0.1020E-02     0.0000E+00     0.5854E-01     0.0000E+00     0.7930E+04     0.2802E+04     0.7930E+04     0.2715E-02
   365    12    31  2006       6       0  cha6                 0.1627E+00     0.1655E-01     0.1627E+00     0.4353E+00     0.3530E+01     0.3602E+01     0.1765E+01     0.0000E+00     0.1146E+01     0.0000E+00     0.1837E+01     0.0000E+00     0.2569E+01     0.2911E+00     0.8800E-03     0.0000E+00     0.6847E-01     0.0000E+00     0.5906E+04     0.6008E+03     0.5906E+04     0.1450E-02
   365    12    31  2007       1       0  cha1                 0.2135E-01     0.2034E-01     0.2133E-01     0.9232E-01     0.4775E+00     0.7180E+00     0.2388E+00     0.0000E+00     0.2386E+00     0.0000E+00     0.4793E+00     0.0000E+00     0.1405E+01     0.2021E+00     0.1220E-02     0.0000E+00     0.5696E-01     0.0000E+00     0.4306E+04     0.4103E+04     0.4301E+04     0.4904E-03
   365    12    31  2007       2       0  cha2                 0.6989E-01     0.5505E-01     0.6989E-01     0.3374E+00     0.1403E-02     0.4444E+00     0.7017E-03     0.0000E+00     0.7011E-03     0.0000E+00     0.4437E+00     0.0000E+00     0.8353E+00     0.1475E+00     0.3140E-02     0.0000E+00     0.1444E+00     0.0000E+00     0.6175E+05     0.4864E+05     0.6175E+05     0.1789E-03
   365    12    31  2007       3       0  cha3                 0.1129E+00     0.3731E-01     0.1129E+00     0.5027E+00     0.3779E+00     0.2871E+01     0.1890E+00     0.0000E+00     0.1889E+00     0.1099E+00     0.2572E+01     0.0000E+00     0.1292E+01     0.2065E+00     0.5260E-02     0.2991E-02     0.3370E+00     0.0000E+00     0.2889E+05     0.9545E+04     0.2889E+05     0.1720E-02
   365    12    31  2007       4       0  cha4                 0.9205E-01     0.8570E-01     0.9205E-01     0.3879E+00     0.2717E+01     0.2455E+01     0.1359E+01     0.0000E+00     0.1343E+01     0.0000E+00     0.1096E+01     0.0000E+00     0.1495E+01     0.2098E+00     0.1700E-02     0.0000E+00     0.1150E+00     0.0000E+00     0.1557E+05     0.1450E+05     0.1557E+05     0.1467E-02
   365    12    31  2007       5       0  cha5                 0.3086E+00     0.8119E-01     0.3086E+00     0.9795E+00     0.6298E+01     0.4170E+01     0.3149E+01     0.0000E+00     0.2954E+01     0.0000E+00     0.1021E+01     0.0000E+00     0.2222E+01     0.2667E+00     0.1020E-02     0.0000E+00     0.4997E-01     0.0000E+00     0.1692E+05     0.4452E+04     0.1692E+05     0.1951E-02
   365    12    31  2007       6       0  cha6                 0.3540E+00     0.2387E-01     0.3540E+00     0.9472E+00     0.6523E+01     0.5176E+01     0.3262E+01     0.0000E+00     0.2534E+01     0.0000E+00     0.1914E+01     0.0000E+00     0.2569E+01     0.2911E+00     0.8800E-03     0.0000E+00     0.7050E-01     0.0000E+00     0.1285E+05     0.8666E+03     0.1285E+05     0.9373E-03
   366    12    31  2008       1       0  cha1                 0.1639E-01     0.1589E-01     0.1639E-01     0.7087E-01     0.2196E-02     0.5624E+00     0.1098E-02     0.0000E+00     0.9127E-03     0.0000E+00     0.5613E+00     0.0000E+00     0.1405E+01     0.2021E+00     0.1220E-02     0.0000E+00     0.6674E-01     0.0000E+00     0.3315E+04     0.3214E+04     0.3315E+04     0.5151E-03
   366    12    31  2008       2       0  cha2                 0.5718E-01     0.4670E-01     0.5718E-01     0.2761E+00     0.5420E-06     0.1555E+00     0.2710E-06     0.0000E+00     0.1281E-06     0.0000E+00     0.1555E+00     0.0000E+00     0.8353E+00     0.1475E+00     0.3140E-02     0.0000E+00     0.4995E-01     0.0000E+00     0.5066E+05     0.4138E+05     0.5066E+05     0.5837E-04
   366    12    31  2008       3       0  cha3                 0.9158E-01     0.3167E-01     0.9157E-01     0.4076E+00     0.5006E-04     0.3628E+01     0.2503E-04     0.0000E+00     0.2569E-06     0.1657E+00     0.3462E+01     0.0000E+00     0.1292E+01     0.2110E+00     0.5260E-02     0.4510E-02     0.4476E+00     0.0000E+00     0.2349E+05     0.8124E+04     0.2349E+05     0.2254E-02
   366    12    31  2008       4       0  cha4                 0.5804E-01     0.5637E-01     0.5804E-01     0.2446E+00     0.7835E+00     0.4223E+00     0.3918E+00     0.0000E+00     0.3917E+00     0.0000E+00     0.3053E-01     0.0000E+00     0.1495E+01     0.2098E+00     0.1700E-02     0.0000E+00     0.3205E-02     0.0000E+00     0.9847E+04     0.9564E+04     0.9847E+04     0.2462E-03
   366    12    31  2008       5       0  cha5                 0.2332E+00     0.6542E-01     0.2332E+00     0.7402E+00     0.4200E+01     0.4239E+01     0.2100E+01     0.0000E+00     0.2096E+01     0.0000E+00     0.2139E+01     0.0000E+00     0.2222E+01     0.2667E+00     0.1020E-02     0.0000E+00     0.1063E+00     0.0000E+00     0.1282E+05     0.3597E+04     0.1282E+05     0.4420E-02
   366    12    31  2008       6       0  cha6                 0.2689E+00     0.1922E-01     0.2689E+00     0.7194E+00     0.4969E+01     0.4951E+01     0.2484E+01     0.0000E+00     0.1410E+01     0.0000E+00     0.2467E+01     0.0000E+00     0.2569E+01     0.2911E+00     0.8800E-03     0.0000E+00     0.9225E-01     0.0000E+00     0.9788E+04     0.6997E+03     0.9788E+04     0.2210E-02
   365    12    31  2009       1       0  cha1                 0.7604E-02     0.7291E-02     0.7609E-02     0.3288E-01     0.6648E-02     0.5498E+00     0.3324E-02     0.0000E+00     0.1932E-02     0.0000E+00     0.5465E+00     0.0000E+00     0.1405E+01     0.2021E+00     0.1220E-02     0.0000E+00     0.6523E-01     0.0000E+00     0.1534E+04     0.1470E+04     0.1535E+04     0.5296E-03
   365    12    31  2009       2       0  cha2                 0.4742E-01     0.3962E-01     0.4742E-01     0.2289E+00     0.5405E-06     0.1887E+00     0.2702E-06     0.0000E+00     0.9995E-07     0.0000E+00     0.1887E+00     0.0000E+00     0.8353E+00     0.1475E+00     0.3140E-02     0.0000E+00     0.6189E-01     0.0000E+00     0.4190E+05     0.3501E+05     0.4190E+05     0.7840E-04
   365    12    31  2009       3       0  cha3                 0.7501E-01     0.2798E-01     0.7502E-01     0.3339E+00     0.5582E-04     0.5897E+01     0.2791E-04     0.0000E+00     0.2050E-06     0.4191E-01     0.5855E+01     0.0000E+00     0.1292E+01     0.2122E+00     0.5260E-02     0.1141E-02     0.7512E+00     0.0000E+00     0.1919E+05     0.7156E+04     0.1919E+05     0.4179E-02
   365    12    31  2009       4       0  cha4                 0.5391E-01     0.5268E-01     0.5391E-01     0.2272E+00     0.6904E+00     0.6094E+00     0.3452E+00     0.0000E+00     0.3431E+00     0.0000E+00     0.2642E+00     0.0000E+00     0.1495E+01     0.2098E+00     0.1700E-02     0.0000E+00     0.2784E-01     0.0000E+00     0.9120E+04     0.8913E+04     0.9120E+04     0.8084E-03
   365    12    31  2009       5       0  cha5                 0.2075E+00     0.6390E-01     0.2075E+00     0.6587E+00     0.6611E+01     0.4909E+01     0.3305E+01     0.0000E+00     0.3197E+01     0.0000E+00     0.1603E+01     0.0000E+00     0.2222E+01     0.2667E+00     0.1020E-02     0.0000E+00     0.7861E-01     0.0000E+00     0.1138E+05     0.3504E+04     0.1138E+05     0.2988E-02
   365    12    31  2009       6       0  cha6                 0.2341E+00     0.1887E-01     0.2341E+00     0.6264E+00     0.5880E+01     0.4942E+01     0.2940E+01     0.0000E+00     0.2051E+01     0.0000E+00     0.2002E+01     0.0000E+00     0.2569E+01     0.2911E+00     0.8800E-03     0.0000E+00     0.7400E-01     0.0000E+00     0.8499E+04     0.6852E+03     0.8499E+04     0.1233E-02
   365    12    31  2010       1       0  cha1                 0.1417E-01     0.1357E-01     0.1416E-01     0.6127E-01     0.4404E-01     0.6859E+00     0.2202E-01     0.0000E+00     0.1536E-01     0.0000E+00     0.6638E+00     0.0000E+00     0.1405E+01     0.2021E+00     0.1220E-02     0.0000E+00     0.7904E-01     0.0000E+00     0.2858E+04     0.2736E+04     0.2857E+04     0.6180E-03
   365    12    31  2010       2       0  cha2                 0.6332E-01     0.5122E-01     0.6332E-01     0.3057E+00     0.4323E-03     0.2763E+00     0.2162E-03     0.0000E+00     0.7330E-07     0.0000E+00     0.2761E+00     0.0000E+00     0.8353E+00     0.1475E+00     0.3140E-02     0.0000E+00     0.9163E-01     0.0000E+00     0.5595E+05     0.4525E+05     0.5595E+05     0.1211E-03
   365    12    31  2010       3       0  cha3                 0.1043E+00     0.3784E-01     0.1043E+00     0.4641E+00     0.2471E-03     0.6529E+01     0.1236E-03     0.0000E+00     0.1449E-06     0.1243E+00     0.6404E+01     0.0000E+00     0.1292E+01     0.2155E+00     0.5260E-02     0.3383E-02     0.8171E+00     0.0000E+00     0.2667E+05     0.9679E+04     0.2667E+05     0.4531E-02
   365    12    31  2010       4       0  cha4                 0.7721E-01     0.7524E-01     0.7721E-01     0.3254E+00     0.2331E+01     0.1327E+01     0.1166E+01     0.0000E+00     0.1155E+01     0.0000E+00     0.1612E+00     0.0000E+00     0.1495E+01     0.2098E+00     0.1700E-02     0.0000E+00     0.1695E-01     0.0000E+00     0.1306E+05     0.1273E+05     0.1306E+05     0.1572E-02
   365    12    31  2010       5       0  cha5                 0.2740E+00     0.7073E-01     0.2740E+00     0.8697E+00     0.8196E+01     0.4564E+01     0.4098E+01     0.0000E+00     0.4057E+01     0.0000E+00     0.4660E+00     0.0000E+00     0.2222E+01     0.2667E+00     0.1020E-02     0.0000E+00     0.2300E-01     0.0000E+00     0.1502E+05     0.3878E+04     0.1502E+05     0.2150E-02
   365    12    31  2010       6       0  cha6                 0.3091E+00     0.2086E-01     0.3091E+00     0.8271E+00     0.6180E+01     0.3878E+01     0.3090E+01     0.0000E+00     0.2766E+01     0.0000E+00     0.7879E+00     0.0000E+00     0.2569E+01     0.2911E+00     0.8800E-03     0.0000E+00     0.2916E-01     0.0000E+00     0.1122E+05     0.7573E+03     0.1122E+05     0.7701E-03
   365    12    31  2011       1       0  cha1                 0.1470E-01     0.1378E-01     0.1472E-01     0.6354E-01     0.2805E+00     0.4596E+00     0.1403E+00     0.0000E+00     0.1372E+00     0.0000E+00     0.3193E+00     0.0000E+00     0.1405E+01     0.2021E+00     0.1220E-02     0.0000E+00     0.3780E-01     0.0000E+00     0.2964E+04     0.2779E+04     0.2969E+04     0.3227E-03
   365    12    31  2011       2       0  cha2                 0.4499E-01     0.3646E-01     0.4499E-01     0.2172E+00     0.7491E-02     0.2988E+00     0.3745E-02     0.0000E+00     0.3743E-02     0.0000E+00     0.2951E+00     0.0000E+00     0.8353E+00     0.1475E+00     0.3140E-02     0.0000E+00     0.9682E-01     0.0000E+00     0.3975E+05     0.3222E+05     0.3975E+05     0.1232E-03
   365    12    31  2011       3       0  cha3                 0.7384E-01     0.2513E-01     0.7385E-01     0.3287E+00     0.1245E+00     0.2056E+01     0.6223E-01     0.0000E+00     0.6218E-01     0.1472E+00     0.1846E+01     0.0000E+00     0.1292E+01     0.2195E+00     0.5260E-02     0.4007E-02     0.2269E+00     0.0000E+00     0.1889E+05     0.6428E+04     0.1889E+05     0.1187E-02
   365    12    31  2011       4       0  cha4                 0.6774E-01     0.6565E-01     0.6774E-01     0.2855E+00     0.2080E+01     0.1632E+01     0.1040E+01     0.0000E+00     0.1040E+01     0.0000E+00     0.5926E+00     0.0000E+00     0.1495E+01     0.2098E+00     0.1700E-02     0.0000E+00     0.6212E-01     0.0000E+00     0.1146E+05     0.1111E+05     0.1146E+05     0.1052E-02
   365    12    31  2011       5       0  cha5                 0.2254E+00     0.6985E-01     0.2254E+00     0.7156E+00     0.4496E+01     0.4072E+01     0.2248E+01     0.0000E+00     0.2038E+01     0.0000E+00     0.1824E+01     0.0000E+00     0.2222E+01     0.2667E+00     0.1020E-02     0.0000E+00     0.8979E-01     0.0000E+00     0.1236E+05     0.3830E+04     0.1236E+05     0.3041E-02
   365    12    31  2011       6       0  cha6                 0.2609E+00     0.2051E-01     0.2609E+00     0.6980E+00     0.6443E+01     0.5615E+01     0.3222E+01     0.0000E+00     0.2164E+01     0.0000E+00     0.2393E+01     0.0000E+00     0.2569E+01     0.2911E+00     0.8800E-03     0.0000E+00     0.8872E-01     0.0000E+00     0.9471E+04     0.7446E+03     0.9471E+04     0.1528E-02
   366    12    31  2012       1       0  cha1                 0.1508E-01     0.1457E-01     0.1505E-01     0.6518E-01     0.1207E-01     0.1017E+01     0.6035E-02     0.0000E+00     0.8322E-03     0.0000E+00     0.1011E+01     0.0000E+00     0.1405E+01     0.2021E+00     0.1220E-02     0.0000E+00     0.1202E+00     0.0000E+00     0.3049E+04     0.2946E+04     0.3044E+04     0.8407E-03
   366    12    31  2012       2       0  cha2                 0.5771E-01     0.4691E-01     0.5771E-01     0.2786E+00     0.5420E-06     0.2715E+00     0.2710E-06     0.0000E+00     0.8589E-07     0.0000E+00     0.2715E+00     0.0000E+00     0.8353E+00     0.1475E+00     0.3140E-02     0.0000E+00     0.8784E-01     0.0000E+00     0.5113E+05     0.4156E+05     0.5113E+05     0.1045E-03
   366    12    31  2012       3       0  cha3                 0.9139E-01     0.3157E-01     0.9139E-01     0.4068E+00     0.5873E-04     0.6128E+01     0.2937E-04     0.0000E+00     0.2036E-06     0.1537E+00     0.5975E+01     0.0000E+00     0.1292E+01     0.2237E+00     0.5260E-02     0.4184E-02     0.7273E+00     0.0000E+00     0.2344E+05     0.8098E+04     0.2344E+05     0.4015E-02
   366    12    31  2012       4       0  cha4                 0.7060E-01     0.6881E-01     0.7060E-01     0.2976E+00     0.1311E+01     0.8357E+00     0.6556E+00     0.0000E+00     0.6453E+00     0.0000E+00     0.1801E+00     0.0000E+00     0.1495E+01     0.2098E+00     0.1700E-02     0.0000E+00     0.1886E-01     0.0000E+00     0.1198E+05     0.1167E+05     0.1198E+05     0.7740E-03
   366    12    31  2012       5       0  cha5                 0.2478E+00     0.6726E-01     0.2478E+00     0.7867E+00     0.7225E+01     0.4438E+01     0.3612E+01     0.0000E+00     0.3599E+01     0.0000E+00     0.8254E+00     0.0000E+00     0.2222E+01     0.2667E+00     0.1020E-02     0.0000E+00     0.4085E-01     0.0000E+00     0.1363E+05     0.3698E+04     0.1363E+05     0.2403E-02
   366    12    31  2012       6       0  cha6                 0.2829E+00     0.1982E-01     0.2829E+00     0.7568E+00     0.6227E+01     0.4157E+01     0.3114E+01     0.0000E+00     0.2664E+01     0.0000E+00     0.1043E+01     0.0000E+00     0.2569E+01     0.2911E+00     0.8800E-03     0.0000E+00     0.3881E-01     0.0000E+00     0.1030E+05     0.7217E+03     0.1030E+05     0.9477E-03
   365    12    31  2013       1       0  cha1                 0.1081E-01     0.1047E-01     0.1083E-01     0.4674E-01     0.2183E-01     0.6141E+00     0.1091E-01     0.0000E+00     0.4770E-02     0.0000E+00     0.6032E+00     0.0000E+00     0.1405E+01     0.2021E+00     0.1220E-02     0.0000E+00     0.7118E-01     0.0000E+00     0.2180E+04     0.2111E+04     0.2185E+04     0.4541E-03
   365    12    31  2013       2       0  cha2                 0.3613E-01     0.2840E-01     0.3613E-01     0.1744E+00     0.5405E-06     0.3232E+00     0.2702E-06     0.0000E+00     0.1599E-06     0.0000E+00     0.3232E+00     0.0000E+00     0.8353E+00     0.1475E+00     0.3140E-02     0.0000E+00     0.1075E+00     0.0000E+00     0.3192E+05     0.2510E+05     0.3193E+05     0.1447E-03
   365    12    31  2013       3       0  cha3                 0.5752E-01     0.2106E-01     0.5752E-01     0.2560E+00     0.3370E-04     0.3718E+01     0.1685E-04     0.0000E+00     0.3294E-06     0.2696E+00     0.3448E+01     0.0000E+00     0.1292E+01     0.2311E+00     0.5260E-02     0.7339E-02     0.4044E+00     0.0000E+00     0.1471E+05     0.5387E+04     0.1471E+05     0.2163E-02
   365    12    31  2013       4       0  cha4                 0.5176E-01     0.5060E-01     0.5176E-01     0.2181E+00     0.6834E+00     0.1131E+01     0.3417E+00     0.0000E+00     0.3315E+00     0.0000E+00     0.7893E+00     0.0000E+00     0.1495E+01     0.2098E+00     0.1700E-02     0.0000E+00     0.8257E-01     0.0000E+00     0.8757E+04     0.8561E+04     0.8757E+04     0.1312E-02
   365    12    31  2013       5       0  cha5                 0.1819E+00     0.5931E-01     0.1819E+00     0.5776E+00     0.5020E+01     0.4396E+01     0.2510E+01     0.0000E+00     0.2363E+01     0.0000E+00     0.1886E+01     0.0000E+00     0.2222E+01     0.2667E+00     0.1020E-02     0.0000E+00     0.9298E-01     0.0000E+00     0.9976E+04     0.3252E+04     0.9976E+04     0.3551E-02
   365    12    31  2013       6       0  cha6                 0.2110E+00     0.1816E-01     0.2110E+00     0.5647E+00     0.5525E+01     0.5564E+01     0.2763E+01     0.0000E+00     0.1634E+01     0.0000E+00     0.2802E+01     0.0000E+00     0.2569E+01     0.2911E+00     0.8800E-03     0.0000E+00     0.1038E+00     0.0000E+00     0.7662E+04     0.6595E+03     0.7662E+04     0.1776E-02
   365    12    31  2014       1       0  cha1                 0.7400E-04     0.0000E+00     0.7415E-04     0.3200E-03     0.9011E-03     0.4506E-03     0.4506E-03     0.0000E+00     0.4506E-03     0.0000E+00     0.0000E+00     0.0000E+00     0.1405E+01     0.2021E+00     0.1220E-02     0.0000E+00     0.0000E+00     0.0000E+00     0.1493E+02     0.0000E+00     0.1495E+02     0.1274E-04
   365    12    31  2014       2       0  cha2                 0.1053E-01     0.8214E-02     0.1054E-01     0.5085E-01     0.5405E-06     0.1749E+00     0.2702E-06     0.0000E+00     0.2192E-06     0.0000E+00     0.1749E+00     0.0000E+00     0.8353E+00     0.1475E+00     0.3140E-02     0.0000E+00     0.5777E-01     0.0000E+00     0.9306E+04     0.7258E+04     0.9309E+04     0.7635E-04
   365    12    31  2014       3       0  cha3                 0.1905E-01     0.8317E-02     0.1908E-01     0.8477E-01     0.1250E-04     0.2124E+01     0.6251E-05     0.0000E+00     0.4045E-06     0.0000E+00     0.2124E+01     0.0000E+00     0.1292E+01     0.2311E+00     0.5260E-02     0.0000E+00     0.2503E+00     0.0000E+00     0.4872E+04     0.2127E+04     0.4881E+04     0.1627E-02
   365    12    31  2014       4       0  cha4                 0.2995E-01     0.2951E-01     0.2997E-01     0.1262E+00     0.1717E-01     0.9859E-01     0.8587E-02     0.0000E+00     0.8582E-02     0.0000E+00     0.9001E-01     0.0000E+00     0.1495E+01     0.2098E+00     0.1700E-02     0.0000E+00     0.9409E-02     0.0000E+00     0.5068E+04     0.4993E+04     0.5070E+04     0.1631E-03
   365    12    31  2014       5       0  cha5                 0.9116E-01     0.3670E-01     0.9116E-01     0.2894E+00     0.2242E+01     0.2950E+01     0.1121E+01     0.0000E+00     0.1112E+01     0.0000E+00     0.1830E+01     0.0000E+00     0.2222E+01     0.2667E+00     0.1020E-02     0.0000E+00     0.9162E-01     0.0000E+00     0.4998E+04     0.2012E+04     0.4998E+04     0.4455E-02
   365    12    31  2014       6       0  cha6                 0.1045E+00     0.1321E-01     0.1045E+00     0.2795E+00     0.2958E+01     0.3715E+01     0.1479E+01     0.0000E+00     0.6030E+00     0.0000E+00     0.2236E+01     0.0000E+00     0.2569E+01     0.2911E+00     0.8800E-03     0.0000E+00     0.8391E-01     0.0000E+00     0.3793E+04     0.4795E+03     0.3793E+04     0.2338E-02
   365    12    31  2015       1       0  cha1                 0.1855E-03     0.0000E+00     0.1816E-03     0.8019E-03     0.2466E-02     0.1233E-02     0.1233E-02     0.0000E+00     0.1233E-02     0.0000E+00     0.0000E+00     0.0000E+00     0.1405E+01     0.2021E+00     0.1220E-02     0.0000E+00     0.0000E+00     0.0000E+00     0.3741E+02     0.0000E+00     0.3662E+02     0.3461E-04
   365    12    31  2015       2       0  cha2                 0.1946E-01     0.1624E-01     0.1945E-01     0.9395E-01     0.5405E-06     0.1317E+00     0.2702E-06     0.0000E+00     0.1888E-06     0.0000E+00     0.1317E+00     0.0000E+00     0.8353E+00     0.1475E+00     0.3140E-02     0.0000E+00     0.4326E-01     0.0000E+00     0.1720E+05     0.1435E+05     0.1719E+05     0.5418E-04
   365    12    31  2015       3       0  cha3                 0.3569E-01     0.1642E-01     0.3565E-01     0.1588E+00     0.2551E-04     0.4318E+01     0.1276E-04     0.0000E+00     0.3089E-06     0.0000E+00     0.4318E+01     0.0000E+00     0.1292E+01     0.2311E+00     0.5260E-02     0.0000E+00     0.5096E+00     0.0000E+00     0.9128E+04     0.4200E+04     0.9120E+04     0.3222E-02
   365    12    31  2015       4       0  cha4                 0.3907E-01     0.3859E-01     0.3906E-01     0.1647E+00     0.2644E+00     0.2528E+00     0.1322E+00     0.0000E+00     0.1322E+00     0.0000E+00     0.1206E+00     0.0000E+00     0.1495E+01     0.2098E+00     0.1700E-02     0.0000E+00     0.1263E-01     0.0000E+00     0.6610E+04     0.6529E+04     0.6608E+04     0.1950E-03
   365    12    31  2015       5       0  cha5                 0.1279E+00     0.4247E-01     0.1279E+00     0.4059E+00     0.4621E+01     0.3705E+01     0.2310E+01     0.0000E+00     0.2307E+01     0.0000E+00     0.1395E+01     0.0000E+00     0.2222E+01     0.2667E+00     0.1020E-02     0.0000E+00     0.6965E-01     0.0000E+00     0.7011E+04     0.2328E+04     0.7011E+04     0.3746E-02
   365    12    31  2015       6       0  cha6                 0.1426E+00     0.1454E-01     0.1426E+00     0.3816E+00     0.3805E+01     0.3629E+01     0.1902E+01     0.0000E+00     0.1226E+01     0.0000E+00     0.1727E+01     0.0000E+00     0.2569E+01     0.2911E+00     0.8800E-03     0.0000E+00     0.6470E-01     0.0000E+00     0.5178E+04     0.5279E+03     0.5178E+04     0.1798E-02
   366    12    31  2016       1       0  cha1                 0.6179E-02     0.5757E-02     0.6157E-02     0.2672E-01     0.6147E-01     0.4688E+00     0.3074E-01     0.0000E+00     0.2451E-01     0.0000E+00     0.4381E+00     0.0000E+00     0.1405E+01     0.2021E+00     0.1220E-02     0.0000E+00     0.5231E-01     0.0000E+00     0.1250E+04     0.1164E+04     0.1245E+04     0.4626E-03
   366    12    31  2016       2       0  cha2                 0.3661E-01     0.2791E-01     0.3661E-01     0.1768E+00     0.5420E-06     0.3599E+00     0.2710E-06     0.0000E+00     0.1251E-06     0.0000E+00     0.3599E+00     0.0000E+00     0.8353E+00     0.1475E+00     0.3140E-02     0.0000E+00     0.1176E+00     0.0000E+00     0.3244E+05     0.2473E+05     0.3244E+05     0.1477E-03
   366    12    31  2016       3       0  cha3                 0.6519E-01     0.2675E-01     0.6518E-01     0.2902E+00     0.4048E-03     0.6495E+01     0.2024E-03     0.0000E+00     0.1766E-03     0.2913E-01     0.6465E+01     0.0000E+00     0.1292E+01     0.2319E+00     0.5260E-02     0.7930E-03     0.7609E+00     0.0000E+00     0.1672E+05     0.6862E+04     0.1672E+05     0.4760E-02
   366    12    31  2016       4       0  cha4                 0.6228E-01     0.6082E-01     0.6228E-01     0.2625E+00     0.2021E+01     0.1230E+01     0.1010E+01     0.0000E+00     0.1008E+01     0.0000E+00     0.2202E+00     0.0000E+00     0.1495E+01     0.2098E+00     0.1700E-02     0.0000E+00     0.2308E-01     0.0000E+00     0.1057E+05     0.1032E+05     0.1057E+05     0.1012E-02
   366    12    31  2016       5       0  cha5                 0.2015E+00     0.5813E-01     0.2015E+00     0.6397E+00     0.8023E+01     0.4776E+01     0.4012E+01     0.0000E+00     0.3982E+01     0.0000E+00     0.7640E+00     0.0000E+00     0.2222E+01     0.2667E+00     0.1020E-02     0.0000E+00     0.3796E-01     0.0000E+00     0.1108E+05     0.3196E+04     0.1108E+05     0.2783E-02
   366    12    31  2016       6       0  cha6                 0.2251E+00     0.1737E-01     0.2251E+00     0.6024E+00     0.6021E+01     0.4176E+01     0.3010E+01     0.0000E+00     0.2589E+01     0.0000E+00     0.1166E+01     0.0000E+00     0.2569E+01     0.2911E+00     0.8800E-03     0.0000E+00     0.4340E-01     0.0000E+00     0.8196E+04     0.6323E+03     0.8196E+04     0.1121E-02
   365    12    31  2017       1       0  cha1                 0.2642E-01     0.2561E-01     0.2642E-01     0.1142E+00     0.4068E-02     0.9688E+00     0.2034E-02     0.0000E+00     0.1646E-02     0.0000E+00     0.9668E+00     0.0000E+00     0.1405E+01     0.2021E+00     0.1220E-02     0.0000E+00     0.1151E+00     0.0000E+00     0.5329E+04     0.5166E+04     0.5329E+04     0.8259E-03
   365    12    31  2017       2       0  cha2                 0.9101E-01     0.7218E-01     0.9101E-01     0.4394E+00     0.5405E-06     0.2138E+00     0.2702E-06     0.0000E+00     0.5849E-07     0.0000E+00     0.2138E+00     0.0000E+00     0.8353E+00     0.1475E+00     0.3140E-02     0.0000E+00     0.6968E-01     0.0000E+00     0.8041E+05     0.6378E+05     0.8041E+05     0.8707E-04
   365    12    31  2017       3       0  cha3                 0.1452E+00     0.4910E-01     0.1452E+00     0.6461E+00     0.4545E+00     0.6389E+01     0.2273E+00     0.0000E+00     0.2272E+00     0.1848E+00     0.5977E+01     0.0000E+00     0.1292E+01     0.2369E+00     0.5260E-02     0.5032E-02     0.6874E+00     0.0000E+00     0.3713E+05     0.1256E+05     0.3713E+05     0.4011E-02
   365    12    31  2017       4       0  cha4                 0.9154E-01     0.8745E-01     0.9154E-01     0.3858E+00     0.2595E+01     0.1358E+01     0.1297E+01     0.0000E+00     0.1297E+01     0.0000E+00     0.6068E-01     0.0000E+00     0.1495E+01     0.2098E+00     0.1700E-02     0.0000E+00     0.6362E-02     0.0000E+00     0.1549E+05     0.1479E+05     0.1549E+05     0.6429E-03
   365    12    31  2017       5       0  cha5                 0.3518E+00     0.8625E-01     0.3518E+00     0.1117E+01     0.8122E+01     0.5068E+01     0.4061E+01     0.0000E+00     0.4026E+01     0.0000E+00     0.1007E+01     0.0000E+00     0.2222E+01     0.2667E+00     0.1020E-02     0.0000E+00     0.4956E-01     0.0000E+00     0.1929E+05     0.4729E+04     0.1929E+05     0.2416E-02
   365    12    31  2017       6       0  cha6                 0.4038E+00     0.2549E-01     0.4038E+00     0.1080E+01     0.6499E+01     0.4406E+01     0.3249E+01     0.0000E+00     0.2719E+01     0.0000E+00     0.1156E+01     0.0000E+00     0.2569E+01     0.2911E+00     0.8800E-03     0.0000E+00     0.4291E-01     0.0000E+00     0.1466E+05     0.9254E+03     0.1466E+05     0.9285E-03
   365    12    31  2018       1       0  cha1                 0.1488E-01     0.1469E-01     0.1490E-01     0.6432E-01     0.1628E-02     0.2322E+00     0.8142E-03     0.0000E+00     0.8139E-03     0.0000E+00     0.2314E+00     0.0000E+00     0.1405E+01     0.2021E+00     0.1220E-02     0.0000E+00     0.2736E-01     0.0000E+00     0.3000E+04     0.2962E+04     0.3006E+04     0.2153E-03
   365    12    31  2018       2       0  cha2                 0.4373E-01     0.3842E-01     0.4374E-01     0.2111E+00     0.5405E-06     0.4201E-01     0.2702E-06     0.0000E+00     0.1932E-06     0.0000E+00     0.4201E-01     0.0000E+00     0.8353E+00     0.1475E+00     0.3140E-02     0.0000E+00     0.1420E-01     0.0000E+00     0.3864E+05     0.3394E+05     0.3864E+05     0.2024E-04
   365    12    31  2018       3       0  cha3                 0.7049E-01     0.2546E-01     0.7053E-01     0.3138E+00     0.2179E-04     0.1281E+01     0.1090E-04     0.0000E+00     0.3649E-06     0.1080E+00     0.1173E+01     0.0000E+00     0.1292E+01     0.2398E+00     0.5260E-02     0.2940E-02     0.1312E+00     0.0000E+00     0.1803E+05     0.6512E+04     0.1804E+05     0.7056E-03
   365    12    31  2018       4       0  cha4                 0.5531E-01     0.5449E-01     0.5536E-01     0.2331E+00     0.2809E+00     0.3012E+00     0.1405E+00     0.0000E+00     0.1404E+00     0.0000E+00     0.1607E+00     0.0000E+00     0.1495E+01     0.2098E+00     0.1700E-02     0.0000E+00     0.1684E-01     0.0000E+00     0.9358E+04     0.9218E+04     0.9366E+04     0.3700E-03
   365    12    31  2018       5       0  cha5                 0.1935E+00     0.5893E-01     0.1935E+00     0.6141E+00     0.1647E+01     0.2222E+01     0.8236E+00     0.0000E+00     0.7685E+00     0.0000E+00     0.1399E+01     0.0000E+00     0.2222E+01     0.2667E+00     0.1020E-02     0.0000E+00     0.6942E-01     0.0000E+00     0.1061E+05     0.3231E+04     0.1061E+05     0.2772E-02
   365    12    31  2018       6       0  cha6                 0.2279E+00     0.1945E-01     0.2279E+00     0.6097E+00     0.2514E+01     0.3240E+01     0.1257E+01     0.0000E+00     0.5187E+00     0.0000E+00     0.1983E+01     0.0000E+00     0.2569E+01     0.2911E+00     0.8800E-03     0.0000E+00     0.7403E-01     0.0000E+00     0.8273E+04     0.7060E+03     0.8273E+04     0.1606E-02
   365    12    31  2019       1       0  cha1                 0.5753E-02     0.5365E-02     0.5726E-02     0.2487E-01     0.2369E-02     0.3809E+00     0.1184E-02     0.0000E+00     0.1125E-02     0.0000E+00     0.3797E+00     0.0000E+00     0.1405E+01     0.2021E+00     0.1220E-02     0.0000E+00     0.4522E-01     0.0000E+00     0.1160E+04     0.1082E+04     0.1155E+04     0.3670E-03
   365    12    31  2019       2       0  cha2                 0.3077E-01     0.2540E-01     0.3077E-01     0.1486E+00     0.5405E-06     0.7252E-01     0.2702E-06     0.0000E+00     0.1710E-06     0.0000E+00     0.7252E-01     0.0000E+00     0.8353E+00     0.1475E+00     0.3140E-02     0.0000E+00     0.2417E-01     0.0000E+00     0.2719E+05     0.2244E+05     0.2718E+05     0.3229E-04
   365    12    31  2019       3       0  cha3                 0.5472E-01     0.2264E-01     0.5469E-01     0.2436E+00     0.3305E-04     0.5471E+01     0.1653E-04     0.0000E+00     0.2638E-06     0.5780E-01     0.5413E+01     0.0000E+00     0.1292E+01     0.2414E+00     0.5260E-02     0.1573E-02     0.6104E+00     0.0000E+00     0.1400E+05     0.5792E+04     0.1399E+05     0.3891E-02
   365    12    31  2019       4       0  cha4                 0.4850E-01     0.4778E-01     0.4845E-01     0.2044E+00     0.1619E+00     0.3221E+00     0.8093E-01     0.0000E+00     0.8091E-01     0.0000E+00     0.2411E+00     0.0000E+00     0.1495E+01     0.2098E+00     0.1700E-02     0.0000E+00     0.2527E-01     0.0000E+00     0.8205E+04     0.8084E+04     0.8197E+04     0.4172E-03
   365    12    31  2019       5       0  cha5                 0.1682E+00     0.5071E-01     0.1682E+00     0.5338E+00     0.5998E+01     0.4540E+01     0.2999E+01     0.0000E+00     0.2900E+01     0.0000E+00     0.1541E+01     0.0000E+00     0.2222E+01     0.2667E+00     0.1020E-02     0.0000E+00     0.7674E-01     0.0000E+00     0.9221E+04     0.2781E+04     0.9221E+04     0.4131E-02
   365    12    31  2019       6       0  cha6                 0.1890E+00     0.1508E-01     0.1890E+00     0.5058E+00     0.5019E+01     0.4312E+01     0.2509E+01     0.0000E+00     0.1701E+01     0.0000E+00     0.1802E+01     0.0000E+00     0.2569E+01     0.2911E+00     0.8800E-03     0.0000E+00     0.6740E-01     0.0000E+00     0.6863E+04     0.5476E+03     0.6863E+04     0.1850E-02
   366    12    31  2020       1       0  cha1                 0.1578E-01     0.1545E-01     0.1581E-01     0.6824E-01     0.1696E-02     0.3984E+00     0.8478E-03     0.0000E+00     0.7663E-03     0.0000E+00     0.3975E+00     0.0000E+00     0.1405E+01     0.2021E+00     0.1220E-02     0.0000E+00     0.4727E-01     0.0000E+00     0.3192E+04     0.3124E+04     0.3197E+04     0.3746E-03
   366    12    31  2020       2       0  cha2                 0.4914E-01     0.4117E-01     0.4915E-01     0.2372E+00     0.5420E-06     0.6443E-01     0.2710E-06     0.0000E+00     0.1658E-06     0.0000E+00     0.6443E-01     0.0000E+00     0.8353E+00     0.1475E+00     0.3140E-02     0.0000E+00     0.2160E-01     0.0000E+00     0.4354E+05     0.3648E+05     0.4355E+05     0.2974E-04
   366    12    31  2020       3       0  cha3                 0.7923E-01     0.2728E-01     0.7926E-01     0.3527E+00     0.1021E+00     0.2580E+01     0.5103E-01     0.0000E+00     0.5092E-01     0.1219E+00     0.2407E+01     0.0000E+00     0.1292E+01     0.2447E+00     0.5260E-02     0.3317E-02     0.2663E+00     0.0000E+00     0.2032E+05     0.6998E+04     0.2033E+05     0.1604E-02
   366    12    31  2020       4       0  cha4                 0.4923E-01     0.4785E-01     0.4923E-01     0.2075E+00     0.1103E+01     0.6122E+00     0.5513E+00     0.0000E+00     0.5513E+00     0.0000E+00     0.6088E-01     0.0000E+00     0.1495E+01     0.2098E+00     0.1700E-02     0.0000E+00     0.6403E-02     0.0000E+00     0.8352E+04     0.8117E+04     0.8352E+04     0.3350E-03
   366    12    31  2020       5       0  cha5                 0.2147E+00     0.7195E-01     0.2147E+00     0.6816E+00     0.3326E+01     0.4468E+01     0.1663E+01     0.0000E+00     0.1655E+01     0.0000E+00     0.2806E+01     0.0000E+00     0.2222E+01     0.2667E+00     0.1020E-02     0.0000E+00     0.1385E+00     0.0000E+00     0.1180E+05     0.3956E+04     0.1180E+05     0.4410E-02
   366    12    31  2020       6       0  cha6                 0.2517E+00     0.2116E-01     0.2517E+00     0.6736E+00     0.5006E+01     0.5819E+01     0.2503E+01     0.0000E+00     0.1088E+01     0.0000E+00     0.3315E+01     0.0000E+00     0.2569E+01     0.2911E+00     0.8800E-03     0.0000E+00     0.1232E+00     0.0000E+00     0.9165E+04     0.7703E+03     0.9165E+04     0.2142E-02
   365    12    31  2021       1       0  cha1                 0.2262E-02     0.2046E-02     0.2261E-02     0.9780E-02     0.8649E-02     0.1772E+00     0.4324E-02     0.0000E+00     0.4324E-02     0.0000E+00     0.1729E+00     0.0000E+00     0.1405E+01     0.2021E+00     0.1220E-02     0.0000E+00     0.2074E-01     0.0000E+00     0.4562E+03     0.4127E+03     0.4561E+03     0.2182E-03
   365    12    31  2021       2       0  cha2                 0.2070E-01     0.1647E-01     0.2070E-01     0.9995E-01     0.5405E-06     0.1154E+00     0.2702E-06     0.0000E+00     0.1903E-06     0.0000E+00     0.1154E+00     0.0000E+00     0.8353E+00     0.1475E+00     0.3140E-02     0.0000E+00     0.3780E-01     0.0000E+00     0.1829E+05     0.1456E+05     0.1829E+05     0.4682E-04
   365    12    31  2021       3       0  cha3                 0.3616E-01     0.1474E-01     0.3613E-01     0.1610E+00     0.2391E-04     0.3938E+01     0.1196E-04     0.0000E+00     0.3321E-06     0.0000E+00     0.3938E+01     0.0000E+00     0.1292E+01     0.2447E+00     0.5260E-02     0.0000E+00     0.4382E+00     0.0000E+00     0.9249E+04     0.3772E+04     0.9243E+04     0.2930E-02
   365    12    31  2021       4       0  cha4                 0.3718E-01     0.3637E-01     0.3718E-01     0.1567E+00     0.7302E+00     0.5456E+00     0.3651E+00     0.0000E+00     0.3651E+00     0.0000E+00     0.1805E+00     0.0000E+00     0.1495E+01     0.2098E+00     0.1700E-02     0.0000E+00     0.1890E-01     0.0000E+00     0.6290E+04     0.6153E+04     0.6290E+04     0.4339E-03
   365    12    31  2021       5       0  cha5                 0.1316E+00     0.4901E-01     0.1316E+00     0.4176E+00     0.4776E+01     0.4673E+01     0.2388E+01     0.0000E+00     0.2301E+01     0.0000E+00     0.2285E+01     0.0000E+00     0.2222E+01     0.2667E+00     0.1020E-02     0.0000E+00     0.1137E+00     0.0000E+00     0.7214E+04     0.2687E+04     0.7214E+04     0.5227E-02
   365    12    31  2021       6       0  cha6                 0.1484E+00     0.1449E-01     0.1484E+00     0.3971E+00     0.5545E+01     0.5493E+01     0.2773E+01     0.0000E+00     0.1561E+01     0.0000E+00     0.2720E+01     0.0000E+00     0.2569E+01     0.2911E+00     0.8800E-03     0.0000E+00     0.1017E+00     0.0000E+00     0.5388E+04     0.5261E+03     0.5388E+04     0.2526E-02
   365    12    31  2022       1       0  cha1                 0.7528E-02     0.7257E-02     0.7529E-02     0.3255E-01     0.1573E-02     0.4447E+00     0.7866E-03     0.0000E+00     0.7509E-03     0.0000E+00     0.4439E+00     0.0000E+00     0.1405E+01     0.2021E+00     0.1220E-02     0.0000E+00     0.5254E-01     0.0000E+00     0.1518E+04     0.1464E+04     0.1518E+04     0.3765E-03
   365    12    31  2022       2       0  cha2                 0.3113E-01     0.2612E-01     0.3113E-01     0.1503E+00     0.5405E-06     0.5157E-01     0.2702E-06     0.0000E+00     0.1821E-06     0.0000E+00     0.5157E-01     0.0000E+00     0.8353E+00     0.1475E+00     0.3140E-02     0.0000E+00     0.1624E-01     0.0000E+00     0.2751E+05     0.2308E+05     0.2751E+05     0.1702E-04
   365    12    31  2022       3       0  cha3                 0.4944E-01     0.1949E-01     0.4947E-01     0.2201E+00     0.3253E-04     0.4227E+01     0.1626E-04     0.0000E+00     0.3212E-06     0.1561E+00     0.4071E+01     0.0000E+00     0.1292E+01     0.2490E+00     0.5260E-02     0.4250E-02     0.4455E+00     0.0000E+00     0.1265E+05     0.4984E+04     0.1265E+05     0.2791E-02
   365    12    31  2022       4       0  cha4                 0.3437E-01     0.3360E-01     0.3442E-01     0.1448E+00     0.3907E+00     0.1956E+00     0.1953E+00     0.0000E+00     0.1953E+00     0.0000E+00     0.2533E-03     0.0000E+00     0.1495E+01     0.2098E+00     0.1700E-02     0.0000E+00     0.2794E-04     0.0000E+00     0.5815E+04     0.5685E+04     0.5823E+04     0.8072E-03
   365    12    31  2022       5       0  cha5                 0.1410E+00     0.4733E-01     0.1410E+00     0.4475E+00     0.4528E+01     0.4736E+01     0.2264E+01     0.0000E+00     0.2213E+01     0.0000E+00     0.2472E+01     0.0000E+00     0.2222E+01     0.2667E+00     0.1020E-02     0.0000E+00     0.1232E+00     0.0000E+00     0.7730E+04     0.2595E+04     0.7730E+04     0.5568E-02
   365    12    31  2022       6       0  cha6                 0.1637E+00     0.1513E-01     0.1637E+00     0.4380E+00     0.5278E+01     0.5407E+01     0.2639E+01     0.0000E+00     0.1398E+01     0.0000E+00     0.2768E+01     0.0000E+00     0.2569E+01     0.2911E+00     0.8800E-03     0.0000E+00     0.1037E+00     0.0000E+00     0.5943E+04     0.5494E+03     0.5943E+04     0.2655E-02
   365    12    31  2023       1       0  cha1                 0.1400E-02     0.1005E-02     0.1374E-02     0.6053E-02     0.1819E-02     0.7007E-01     0.9096E-03     0.0000E+00     0.9096E-03     0.0000E+00     0.6916E-01     0.0000E+00     0.1405E+01     0.2021E+00     0.1220E-02     0.0000E+00     0.8202E-02     0.0000E+00     0.2823E+03     0.2027E+03     0.2770E+03     0.6988E-04
   365    12    31  2023       2       0  cha2                 0.1984E-01     0.1460E-01     0.1983E-01     0.9576E-01     0.5405E-06     0.2473E+00     0.2702E-06     0.0000E+00     0.1836E-06     0.0000E+00     0.2473E+00     0.0000E+00     0.8353E+00     0.1475E+00     0.3140E-02     0.0000E+00     0.8200E-01     0.0000E+00     0.1753E+05     0.1290E+05     0.1752E+05     0.1082E-03
   365    12    31  2023       3       0  cha3                 0.3696E-01     0.1555E-01     0.3692E-01     0.1645E+00     0.2764E-04     0.4373E+01     0.1382E-04     0.0000E+00     0.3184E-06     0.9438E-02     0.4364E+01     0.0000E+00     0.1292E+01     0.2492E+00     0.5260E-02     0.2569E-03     0.4779E+00     0.0000E+00     0.9454E+04     0.3976E+04     0.9445E+04     0.3249E-02
   365    12    31  2023       4       0  cha4                 0.3839E-01     0.3769E-01     0.3834E-01     0.1618E+00     0.5939E+00     0.4074E+00     0.2970E+00     0.0000E+00     0.2970E+00     0.0000E+00     0.1105E+00     0.0000E+00     0.1495E+01     0.2098E+00     0.1700E-02     0.0000E+00     0.1157E-01     0.0000E+00     0.6495E+04     0.6377E+04     0.6487E+04     0.4603E-03
   365    12    31  2023       5       0  cha5                 0.1335E+00     0.4391E-01     0.1335E+00     0.4239E+00     0.4901E+01     0.3730E+01     0.2450E+01     0.0000E+00     0.2422E+01     0.0000E+00     0.1280E+01     0.0000E+00     0.2222E+01     0.2667E+00     0.1020E-02     0.0000E+00     0.6361E-01     0.0000E+00     0.7322E+04     0.2408E+04     0.7322E+04     0.3278E-02
   365    12    31  2023       6       0  cha6                 0.1488E+00     0.1382E-01     0.1488E+00     0.3981E+00     0.4017E+01     0.3617E+01     0.2009E+01     0.0000E+00     0.1343E+01     0.0000E+00     0.1609E+01     0.0000E+00     0.2569E+01     0.2911E+00     0.8800E-03     0.0000E+00     0.6013E-01     0.0000E+00     0.5402E+04     0.5017E+03     0.5402E+04     0.1560E-02
