 Mini_CREATE               SWAT+ Jan 11 2024        MODULAR Rev 2024.61.0                                 
        jday        mon        day         yr            unit              gis_id     name                  npp_c         harv_c         drop_c      grazeat_c         emit_c
                                                                                                          kg C/ha        kg C/ha        kg C/ha        kg C/ha        kg C/ha
         365          12          31        2023           1                     0 hru001            0.0000000E+00  0.0000000E+00  1.4795112E+08  0.0000000E+00  0.0000000E+00
         365          12          31        2023           2                     0 hru002            0.0000000E+00  0.0000000E+00  1.4911870E+08  0.0000000E+00  0.0000000E+00
         365          12          31        2023           3                     0 hru003            0.0000000E+00  0.0000000E+00  2.7168275E+08  0.0000000E+00  0.0000000E+00
         365          12          31        2023           4                     0 hru004            0.0000000E+00  0.0000000E+00  2.7497450E+08  0.0000000E+00  0.0000000E+00
         365          12          31        2023           5                     0 hru005            0.0000000E+00  0.0000000E+00  2.7462061E+08  0.0000000E+00  0.0000000E+00
         365          12          31        2023           6                     0 hru006            0.0000000E+00  0.0000000E+00  2.7500077E+08  0.0000000E+00  0.0000000E+00
         365          12          31        2023           7                     0 hru007            0.0000000E+00  0.0000000E+00  2.7461075E+08  0.0000000E+00  0.0000000E+00
         365          12          31        2023           8                     0 hru008            0.0000000E+00  0.0000000E+00  2.7496931E+08  0.0000000E+00  0.0000000E+00
         365          12          31        2023           9                     0 hru009            0.0000000E+00  0.0000000E+00  2.6429757E+08  0.0000000E+00  0.0000000E+00
         365          12          31        2023          10                     0 hru010            0.0000000E+00  0.0000000E+00  2.7460998E+08  0.0000000E+00  0.0000000E+00
         365          12          31        2023          11                     0 hru011            0.0000000E+00  0.0000000E+00  2.7461091E+08  0.0000000E+00  0.0000000E+00
         365          12          31        2023          12                     0 hru012            0.0000000E+00  0.0000000E+00  2.7460128E+08  0.0000000E+00  0.0000000E+00
         365          12          31        2023          13                     0 hru013            0.0000000E+00  0.0000000E+00  2.7461514E+08  0.0000000E+00  0.0000000E+00
         365          12          31        2023          14                     0 hru014            0.0000000E+00  0.0000000E+00  2.7461338E+08  0.0000000E+00  0.0000000E+00
         365          12          31        2023          15                     0 hru015            0.0000000E+00  0.0000000E+00  2.7462186E+08  0.0000000E+00  0.0000000E+00
         365          12          31        2023          16                     0 hru016            0.0000000E+00  0.0000000E+00  2.6717290E+08  0.0000000E+00  0.0000000E+00
         365          12          31        2023          17                     0 hru017            0.0000000E+00  0.0000000E+00  2.7200973E+08  0.0000000E+00  0.0000000E+00
         365          12          31        2023          18                     0 hru018            0.0000000E+00  0.0000000E+00  2.6062690E+08  0.0000000E+00  0.0000000E+00
         365          12          31        2023          19                     0 hru019            0.0000000E+00  0.0000000E+00  2.7416973E+08  0.0000000E+00  0.0000000E+00
         365          12          31        2023          20                     0 hru020            0.0000000E+00  0.0000000E+00  2.6479285E+08  0.0000000E+00  0.0000000E+00
         365          12          31        2023          21                     0 hru021            0.0000000E+00  0.0000000E+00  2.7173053E+08  0.0000000E+00  0.0000000E+00
         365          12          31        2023          22                     0 hru022            0.0000000E+00  0.0000000E+00  2.7173162E+08  0.0000000E+00  0.0000000E+00
         365          12          31        2023          23                     0 hru023            0.0000000E+00  0.0000000E+00  3.1965456E+08  0.0000000E+00  0.0000000E+00
         365          12          31        2023          24                     0 hru024            0.0000000E+00  0.0000000E+00  3.1965373E+08  0.0000000E+00  0.0000000E+00
         365          12          31        2023          25                     0 hru025            0.0000000E+00  0.0000000E+00  2.7172314E+08  0.0000000E+00  0.0000000E+00
         365          12          31        2023          26                     0 hru026            0.0000000E+00  0.0000000E+00  2.7172560E+08  0.0000000E+00  0.0000000E+00
         365          12          31        2023          27                     0 hru027            0.0000000E+00  0.0000000E+00  2.6654698E+08  0.0000000E+00  0.0000000E+00
         365          12          31        2023          28                     0 hru028            0.0000000E+00  0.0000000E+00  2.7172045E+08  0.0000000E+00  0.0000000E+00
         365          12          31        2023          29                     0 hru029            0.0000000E+00  0.0000000E+00  2.6896160E+08  0.0000000E+00  0.0000000E+00
         365          12          31        2023          30                     0 hru030            0.0000000E+00  0.0000000E+00  2.7281942E+08  0.0000000E+00  0.0000000E+00
         365          12          31        2023          31                     0 hru031            0.0000000E+00  0.0000000E+00  2.6275182E+08  0.0000000E+00  0.0000000E+00
         365          12          31        2023          32                     0 hru032            0.0000000E+00  0.0000000E+00   2276942.      0.0000000E+00  0.0000000E+00
         365          12          31        2023          33                     0 hru033            0.0000000E+00  0.0000000E+00  1.9496560E+07  0.0000000E+00  0.0000000E+00
         365          12          31        2023          34                     0 hru034            0.0000000E+00  0.0000000E+00  1.1880794E+08  0.0000000E+00  0.0000000E+00
         365          12          31        2023          35                     0 hru035            0.0000000E+00  0.0000000E+00  1.2352881E+08  0.0000000E+00  0.0000000E+00
         365          12          31        2023          36                     0 hru036            0.0000000E+00  0.0000000E+00  1.2353011E+08  0.0000000E+00  0.0000000E+00
         365          12          31        2023          37                     0 hru037            0.0000000E+00  0.0000000E+00  1.2513505E+08  0.0000000E+00  0.0000000E+00
         365          12          31        2023          38                     0 hru038            0.0000000E+00  0.0000000E+00  1.2353078E+08  0.0000000E+00  0.0000000E+00
         365          12          31        2023          39                     0 hru039            0.0000000E+00  0.0000000E+00  1.2352934E+08  0.0000000E+00  0.0000000E+00
         365          12          31        2023          40                     0 hru040            0.0000000E+00  0.0000000E+00  7.5656216E+07  0.0000000E+00  0.0000000E+00
         365          12          31        2023          41                     0 hru041            0.0000000E+00  0.0000000E+00  1.1972010E+08  0.0000000E+00  0.0000000E+00
         365          12          31        2023          42                     0 hru042            0.0000000E+00  0.0000000E+00  1.2295372E+08  0.0000000E+00  0.0000000E+00
         365          12          31        2023          43                     0 hru043            0.0000000E+00  0.0000000E+00  1.9594630E+08  0.0000000E+00  0.0000000E+00
         365          12          31        2023          44                     0 hru044            0.0000000E+00  0.0000000E+00  3.9335546E+08  0.0000000E+00  0.0000000E+00
         365          12          31        2023          45                     0 hru045            0.0000000E+00  0.0000000E+00  1.9550315E+08  0.0000000E+00  0.0000000E+00
         365          12          31        2023          46                     0 hru046            0.0000000E+00  0.0000000E+00  1.9552675E+08  0.0000000E+00  0.0000000E+00
         365          12          31        2023          47                     0 hru047            0.0000000E+00  0.0000000E+00  1.9533347E+08  0.0000000E+00  0.0000000E+00
         365          12          31        2023          48                     0 hru048            0.0000000E+00  0.0000000E+00  1.9336974E+08  0.0000000E+00  0.0000000E+00
         365          12          31        2023          49                     0 hru049            0.0000000E+00  0.0000000E+00  1.9814397E+08  0.0000000E+00  0.0000000E+00
         365          12          31        2023          50                     0 hru050            0.0000000E+00  0.0000000E+00  1.9814397E+08  0.0000000E+00  0.0000000E+00
         365          12          31        2023          51                     0 hru051            0.0000000E+00  0.0000000E+00  1.9814093E+08  0.0000000E+00  0.0000000E+00
         365          12          31        2023          52                     0 hru052            0.0000000E+00  0.0000000E+00  1.9849758E+08  0.0000000E+00  0.0000000E+00
         365          12          31        2023          53                     0 hru053            0.0000000E+00  0.0000000E+00  2.4817146E+08  0.0000000E+00  0.0000000E+00
         365          12          31        2023          54                     0 hru054            0.0000000E+00  0.0000000E+00  1.9814426E+08  0.0000000E+00  0.0000000E+00
         365          12          31        2023          55                     0 hru055            0.0000000E+00  0.0000000E+00   2401612.      0.0000000E+00  0.0000000E+00
         365          12          31        2023          56                     0 hru056            0.0000000E+00  0.0000000E+00   3197020.      0.0000000E+00  0.0000000E+00
         365          12          31        2023          57                     0 hru057            0.0000000E+00  0.0000000E+00   1517127.      0.0000000E+00  0.0000000E+00
         365          12          31        2023          58                     0 hru058            0.0000000E+00  0.0000000E+00   2121891.      0.0000000E+00  0.0000000E+00
         365          12          31        2023          59                     0 hru059            0.0000000E+00  0.0000000E+00   1649349.      0.0000000E+00  0.0000000E+00
         365          12          31        2023          60                     0 hru060            0.0000000E+00  0.0000000E+00   2939855.      0.0000000E+00  0.0000000E+00
         365          12          31        2023          61                     0 hru061            0.0000000E+00  0.0000000E+00   3200736.      0.0000000E+00  0.0000000E+00
         365          12          31        2023          62                     0 hru062            0.0000000E+00  0.0000000E+00   2168875.      0.0000000E+00  0.0000000E+00
         365          12          31        2023          63                     0 hru063            0.0000000E+00  0.0000000E+00   2825687.      0.0000000E+00  0.0000000E+00
         365          12          31        2023          64                     0 hru064            0.0000000E+00  0.0000000E+00   3201475.      0.0000000E+00  0.0000000E+00
         365          12          31        2023          65                     0 hru065            0.0000000E+00  0.0000000E+00   3253963.      0.0000000E+00  0.0000000E+00
         365          12          31        2023          66                     0 hru066            0.0000000E+00  0.0000000E+00   3262005.      0.0000000E+00  0.0000000E+00
         365          12          31        2023          67                     0 hru067            0.0000000E+00  0.0000000E+00   3293848.      0.0000000E+00  0.0000000E+00
         365          12          31        2023          68                     0 hru068            0.0000000E+00  0.0000000E+00   3294803.      0.0000000E+00  0.0000000E+00
         365          12          31        2023          69                     0 hru069            0.0000000E+00  0.0000000E+00   3256144.      0.0000000E+00  0.0000000E+00
         365          12          31        2023          70                     0 hru070            0.0000000E+00  0.0000000E+00   3153766.      0.0000000E+00  0.0000000E+00
         365          12          31        2023          71                     0 hru071            0.0000000E+00  0.0000000E+00   3200062.      0.0000000E+00  0.0000000E+00
         365          12          31        2023          72                     0 hru072            0.0000000E+00  0.0000000E+00   3222379.      0.0000000E+00  0.0000000E+00
         365          12          31        2023          73                     0 hru073            0.0000000E+00  0.0000000E+00   992501.2      0.0000000E+00  0.0000000E+00
         365          12          31        2023          74                     0 hru074            0.0000000E+00  0.0000000E+00   1696980.      0.0000000E+00  0.0000000E+00
         365          12          31        2023          75                     0 hru075            0.0000000E+00  0.0000000E+00   1508423.      0.0000000E+00  0.0000000E+00
         365          12          31        2023          76                     0 hru076            0.0000000E+00  0.0000000E+00   3346850.      0.0000000E+00  0.0000000E+00
         365          12          31        2023          77                     0 hru077            0.0000000E+00  0.0000000E+00   3311191.      0.0000000E+00  0.0000000E+00
         365          12          31        2023          78                     0 hru078            0.0000000E+00  0.0000000E+00   3296688.      0.0000000E+00  0.0000000E+00
         365          12          31        2023          79                     0 hru079            0.0000000E+00  0.0000000E+00   3124694.      0.0000000E+00  0.0000000E+00
         365          12          31        2023          80                     0 hru080            0.0000000E+00  0.0000000E+00   3129457.      0.0000000E+00  0.0000000E+00
         365          12          31        2023          81                     0 hru081            0.0000000E+00  0.0000000E+00   3124478.      0.0000000E+00  0.0000000E+00
         365          12          31        2023          82                     0 hru082            0.0000000E+00  0.0000000E+00   3328440.      0.0000000E+00  0.0000000E+00
         365          12          31        2023          83                     0 hru083            0.0000000E+00  0.0000000E+00   3278563.      0.0000000E+00  0.0000000E+00
         365          12          31        2023          84                     0 hru084            0.0000000E+00  0.0000000E+00   3216747.      0.0000000E+00  0.0000000E+00
         365          12          31        2023          85                     0 hru085            0.0000000E+00  0.0000000E+00   3295384.      0.0000000E+00  0.0000000E+00
         365          12          31        2023          86                     0 hru086            0.0000000E+00  0.0000000E+00   1471336.      0.0000000E+00  0.0000000E+00
         365          12          31        2023          87                     0 hru087            0.0000000E+00  0.0000000E+00   2815185.      0.0000000E+00  0.0000000E+00
         365          12          31        2023          88                     0 hru088            0.0000000E+00  0.0000000E+00   3334530.      0.0000000E+00  0.0000000E+00
         365          12          31        2023          89                     0 hru089            0.0000000E+00  0.0000000E+00   3109782.      0.0000000E+00  0.0000000E+00
         365          12          31        2023          90                     0 hru090            0.0000000E+00  0.0000000E+00   3328345.      0.0000000E+00  0.0000000E+00
         365          12          31        2023          91                     0 hru091            0.0000000E+00  0.0000000E+00   3329229.      0.0000000E+00  0.0000000E+00
         365          12          31        2023          92                     0 hru092            0.0000000E+00  0.0000000E+00   2549409.      0.0000000E+00  0.0000000E+00
         365          12          31        2023          93                     0 hru093            0.0000000E+00  0.0000000E+00   3204849.      0.0000000E+00  0.0000000E+00
         365          12          31        2023          94                     0 hru094            0.0000000E+00  0.0000000E+00   3342450.      0.0000000E+00  0.0000000E+00
         365          12          31        2023          95                     0 hru095            0.0000000E+00  0.0000000E+00   2607976.      0.0000000E+00  0.0000000E+00
         365          12          31        2023          96                     0 hru096            0.0000000E+00  0.0000000E+00   3202219.      0.0000000E+00  0.0000000E+00
         365          12          31        2023          97                     0 hru097            0.0000000E+00  0.0000000E+00   3262958.      0.0000000E+00  0.0000000E+00
         365          12          31        2023          98                     0 hru098            0.0000000E+00  0.0000000E+00   2709288.      0.0000000E+00  0.0000000E+00
         365          12          31        2023          99                     0 hru099            0.0000000E+00  0.0000000E+00   3224720.      0.0000000E+00  0.0000000E+00
         365          12          31        2023         100                     0 hru100            0.0000000E+00  0.0000000E+00   2978753.      0.0000000E+00  0.0000000E+00
         365          12          31        2023         101                     0 hru101            0.0000000E+00  0.0000000E+00   3189214.      0.0000000E+00  0.0000000E+00
         365          12          31        2023         102                     0 hru102            0.0000000E+00   322089.8       891959.7      0.0000000E+00  0.0000000E+00
         365          12          31        2023         103                     0 hru103            0.0000000E+00   328661.9       886578.8      0.0000000E+00  0.0000000E+00
         365          12          31        2023         104                     0 hru104            0.0000000E+00   529531.6       1561958.      0.0000000E+00  0.0000000E+00
         365          12          31        2023         105                     0 hru105            0.0000000E+00   508718.9       3793177.      0.0000000E+00  0.0000000E+00
         365          12          31        2023         106                     0 hru106            0.0000000E+00   437812.2       833746.9      0.0000000E+00  0.0000000E+00
         365          12          31        2023         107                     0 hru107            0.0000000E+00   174309.9       338188.7      0.0000000E+00  0.0000000E+00
         365          12          31        2023         108                     0 hru108            0.0000000E+00   425957.6       844733.2      0.0000000E+00  0.0000000E+00
         365          12          31        2023         109                     0 hru109            0.0000000E+00   940527.2       1374954.      0.0000000E+00  0.0000000E+00
         365          12          31        2023         110                     0 hru110            0.0000000E+00   868800.2       1559648.      0.0000000E+00  0.0000000E+00
         365          12          31        2023         111                     0 hru111            0.0000000E+00   821284.3       1662753.      0.0000000E+00  0.0000000E+00
         365          12          31        2023         112                     0 hru112            0.0000000E+00   178455.9       266658.7      0.0000000E+00  0.0000000E+00
         365          12          31        2023         113                     0 hru113            0.0000000E+00   1325989.       1852196.      0.0000000E+00  0.0000000E+00
         365          12          31        2023         114                     0 hru114            0.0000000E+00   509166.9       2172754.      0.0000000E+00  0.0000000E+00
         365          12          31        2023         115                     0 hru115            0.0000000E+00   1155237.       1941083.      0.0000000E+00  0.0000000E+00
         365          12          31        2023         116                     0 hru116            0.0000000E+00   1034286.       1906992.      0.0000000E+00  0.0000000E+00
         365          12          31        2023         117                     0 hru117            0.0000000E+00   1039663.       2033928.      0.0000000E+00  0.0000000E+00
         365          12          31        2023         118                     0 hru118            0.0000000E+00   1066067.       2033214.      0.0000000E+00  0.0000000E+00
         365          12          31        2023         119                     0 hru119            0.0000000E+00   1349741.       1646195.      0.0000000E+00  0.0000000E+00
         365          12          31        2023         120                     0 hru120            0.0000000E+00   1096464.       1944356.      0.0000000E+00  0.0000000E+00
         365          12          31        2023         121                     0 hru121            0.0000000E+00   438819.2       824280.4      0.0000000E+00  0.0000000E+00
         365          12          31        2023         122                     0 hru122            0.0000000E+00   1005722.       1490887.      0.0000000E+00  0.0000000E+00
         365          12          31        2023         123                     0 hru123            0.0000000E+00   708154.4       1638926.      0.0000000E+00  0.0000000E+00
         365          12          31        2023         124                     0 hru124            0.0000000E+00   978864.0       1404598.      0.0000000E+00  0.0000000E+00
         365          12          31        2023         125                     0 hru125            0.0000000E+00   1079488.       1970088.      0.0000000E+00  0.0000000E+00
         365          12          31        2023         126                     0 hru126            0.0000000E+00   1016769.       1820852.      0.0000000E+00  0.0000000E+00
         365          12          31        2023         127                     0 hru127            0.0000000E+00   825157.1       1292238.      0.0000000E+00  0.0000000E+00
         365          12          31        2023         128                     0 hru128            0.0000000E+00   1256178.       2799188.      0.0000000E+00  0.0000000E+00
         365          12          31        2023         129                     0 hru129            0.0000000E+00   416415.1       765613.8      0.0000000E+00  0.0000000E+00
         365          12          31        2023         130                     0 hru130            0.0000000E+00   1311903.       2671074.      0.0000000E+00  0.0000000E+00
         365          12          31        2023         131                     0 hru131            0.0000000E+00   1231103.       2425757.      0.0000000E+00  0.0000000E+00
         365          12          31        2023         132                     0 hru132            0.0000000E+00   306782.4       451213.6      0.0000000E+00  0.0000000E+00
         365          12          31        2023         133                     0 hru133            0.0000000E+00   216069.8       416941.2      0.0000000E+00  0.0000000E+00
         365          12          31        2023         134                     0 hru134            0.0000000E+00   1033584.       1541176.      0.0000000E+00  0.0000000E+00
         365          12          31        2023         135                     0 hru135            0.0000000E+00   303801.6       3316312.      0.0000000E+00  0.0000000E+00
         365          12          31        2023         136                     0 hru136            0.0000000E+00  0.0000000E+00   9734034.      0.0000000E+00  0.0000000E+00
         365          12          31        2023         137                     0 hru137            0.0000000E+00   54395.75      1.0392502E+07  0.0000000E+00  0.0000000E+00
         365          12          31        2023         138                     0 hru138            0.0000000E+00   14080.59       120247.0      0.0000000E+00  0.0000000E+00
         365          12          31        2023         139                     0 hru139            0.0000000E+00  0.0000000E+00   9692049.      0.0000000E+00  0.0000000E+00
         365          12          31        2023         140                     0 hru140            0.0000000E+00  0.0000000E+00  1.0507472E+07  0.0000000E+00  0.0000000E+00
         365          12          31        2023         141                     0 hru141            0.0000000E+00   590259.7       1605052.      0.0000000E+00  0.0000000E+00
         365          12          31        2023         142                     0 hru142            0.0000000E+00   1196794.       2030716.      0.0000000E+00  0.0000000E+00
         365          12          31        2023         143                     0 hru143            0.0000000E+00   611020.2       1612933.      0.0000000E+00  0.0000000E+00
         365          12          31        2023         144                     0 hru144            0.0000000E+00   591223.5       1454279.      0.0000000E+00  0.0000000E+00
         365          12          31        2023         145                     0 hru145            0.0000000E+00   858091.2       1664198.      0.0000000E+00  0.0000000E+00
         365          12          31        2023         146                     0 hru146            0.0000000E+00   870496.6       1714106.      0.0000000E+00  0.0000000E+00
         365          12          31        2023         147                     0 hru147            0.0000000E+00   1051440.       2473218.      0.0000000E+00  0.0000000E+00
         365          12          31        2023         148                     0 hru148            0.0000000E+00   1107027.       1323254.      0.0000000E+00  0.0000000E+00
         365          12          31        2023         149                     0 hru149            0.0000000E+00   748494.8       1212520.      0.0000000E+00  0.0000000E+00
         365          12          31        2023         150                     0 hru150            0.0000000E+00   1226515.       1764369.      0.0000000E+00  0.0000000E+00
         365          12          31        2023         151                     0 hru151            0.0000000E+00   669841.9       1052920.      0.0000000E+00  0.0000000E+00
         365          12          31        2023         152                     0 hru152            0.0000000E+00   1187907.       1545633.      0.0000000E+00  0.0000000E+00
         365          12          31        2023         153                     0 hru153            0.0000000E+00   183271.2       263561.8      0.0000000E+00  0.0000000E+00
         365          12          31        2023         154                     0 hru154            0.0000000E+00   184699.0       270216.6      0.0000000E+00  0.0000000E+00
         365          12          31        2023         155                     0 hru155            0.0000000E+00   653847.9       996126.7      0.0000000E+00  0.0000000E+00
         365          12          31        2023         156                     0 hru156            0.0000000E+00   1721421.       2278254.      0.0000000E+00  0.0000000E+00
         365          12          31        2023         157                     0 hru157            0.0000000E+00   731128.3       2043396.      0.0000000E+00  0.0000000E+00
         365          12          31        2023         158                     0 hru158            0.0000000E+00   1224715.       2058101.      0.0000000E+00  0.0000000E+00
         365          12          31        2023         159                     0 hru159            0.0000000E+00   854126.4       2153872.      0.0000000E+00  0.0000000E+00
         365          12          31        2023         160                     0 hru160            0.0000000E+00   196393.3       1936705.      0.0000000E+00  0.0000000E+00
         365          12          31        2023         161                     0 hru161            0.0000000E+00   714609.3       3767513.      0.0000000E+00  0.0000000E+00
         365          12          31        2023         162                     0 hru162            0.0000000E+00   682957.3       1792136.      0.0000000E+00  0.0000000E+00
         365          12          31        2023         163                     0 hru163            0.0000000E+00  0.0000000E+00   3302849.      0.0000000E+00  0.0000000E+00
         365          12          31        2023         164                     0 hru164            0.0000000E+00  0.0000000E+00   3126230.      0.0000000E+00  0.0000000E+00
         365          12          31        2023         165                     0 hru165            0.0000000E+00  0.0000000E+00   3156338.      0.0000000E+00  0.0000000E+00
         365          12          31        2023         166                     0 hru166            0.0000000E+00  0.0000000E+00   2991603.      0.0000000E+00  0.0000000E+00
         365          12          31        2023         167                     0 hru167            0.0000000E+00  0.0000000E+00   3155656.      0.0000000E+00  0.0000000E+00
         365          12          31        2023         168                     0 hru168            0.0000000E+00  0.0000000E+00   3421630.      0.0000000E+00  0.0000000E+00
         365          12          31        2023         169                     0 hru169            0.0000000E+00  0.0000000E+00   3143661.      0.0000000E+00  0.0000000E+00
         365          12          31        2023         170                     0 hru170            0.0000000E+00  0.0000000E+00   3357928.      0.0000000E+00  0.0000000E+00
         365          12          31        2023         171                     0 hru171            0.0000000E+00   270317.8       7193863.      0.0000000E+00  0.0000000E+00
         365          12          31        2023         172                     0 hru172            0.0000000E+00   482486.2       6081469.      0.0000000E+00  0.0000000E+00
         365          12          31        2023         173                     0 hru173            0.0000000E+00   126639.5       1899091.      0.0000000E+00  0.0000000E+00
         365          12          31        2023         174                     0 hru174            0.0000000E+00   308056.7       3809033.      0.0000000E+00  0.0000000E+00
         365          12          31        2023         175                     0 hru175            0.0000000E+00   905568.1       1470220.      0.0000000E+00  0.0000000E+00
         365          12          31        2023         176                     0 hru176            0.0000000E+00   816448.2       1872808.      0.0000000E+00  0.0000000E+00
         365          12          31        2023         177                     0 hru177            0.0000000E+00  0.0000000E+00   3319790.      0.0000000E+00  0.0000000E+00
         365          12          31        2023         178                     0 hru178            0.0000000E+00  0.0000000E+00   3276582.      0.0000000E+00  0.0000000E+00
         365          12          31        2023         179                     0 hru179            0.0000000E+00  0.0000000E+00   3401462.      0.0000000E+00  0.0000000E+00
         365          12          31        2023         180                     0 hru180            0.0000000E+00   1023554.       1854764.      0.0000000E+00  0.0000000E+00
         365          12          31        2023         181                     0 hru181            0.0000000E+00   951574.4       1338021.      0.0000000E+00  0.0000000E+00
         365          12          31        2023         182                     0 hru182            0.0000000E+00   1077987.       1343131.      0.0000000E+00  0.0000000E+00
         365          12          31        2023         183                     0 hru183            0.0000000E+00   1862382.       2259554.      0.0000000E+00  0.0000000E+00
         365          12          31        2023         184                     0 hru184            0.0000000E+00   1345048.       1712309.      0.0000000E+00  0.0000000E+00
         365          12          31        2023         185                     0 hru185            0.0000000E+00   1815680.       2007087.      0.0000000E+00  0.0000000E+00
         365          12          31        2023         186                     0 hru186            0.0000000E+00   488273.8       1473546.      0.0000000E+00  0.0000000E+00
         365          12          31        2023         187                     0 hru187            0.0000000E+00   210805.2       620968.2      0.0000000E+00  0.0000000E+00
         365          12          31        2023         188                     0 hru188            0.0000000E+00   1180910.       2088134.      0.0000000E+00  0.0000000E+00
         365          12          31        2023         189                     0 hru189            0.0000000E+00   978803.8       2318440.      0.0000000E+00  0.0000000E+00
         365          12          31        2023         190                     0 hru190            0.0000000E+00   610020.4       3099898.      0.0000000E+00  0.0000000E+00
         365          12          31        2023         191                     0 hru191            0.0000000E+00   632109.1       1242898.      0.0000000E+00  0.0000000E+00
         365          12          31        2023         192                     0 hru192            0.0000000E+00   917035.8       1763932.      0.0000000E+00  0.0000000E+00
         365          12          31        2023         193                     0 hru193            0.0000000E+00   614853.9       2486820.      0.0000000E+00  0.0000000E+00
         365          12          31        2023         194                     0 hru194            0.0000000E+00   783213.8       2280752.      0.0000000E+00  0.0000000E+00
         365          12          31        2023         195                     0 hru195            0.0000000E+00   321555.6       793926.1      0.0000000E+00  0.0000000E+00
         365          12          31        2023         196                     0 hru196            0.0000000E+00   1061801.       2795512.      0.0000000E+00  0.0000000E+00
         365          12          31        2023         197                     0 hru197            0.0000000E+00   1159926.       3541188.      0.0000000E+00  0.0000000E+00
         365          12          31        2023         198                     0 hru198            0.0000000E+00   1340238.       3175331.      0.0000000E+00  0.0000000E+00
         365          12          31        2023         199                     0 hru199            0.0000000E+00   149951.4       444159.2      0.0000000E+00  0.0000000E+00
         365          12          31        2023         200                     0 hru200            0.0000000E+00   288503.8       821653.1      0.0000000E+00  0.0000000E+00
         365          12          31        2023         201                     0 hru201            0.0000000E+00   963118.2       1885274.      0.0000000E+00  0.0000000E+00
         365          12          31        2023         202                     0 hru202            0.0000000E+00   1292895.       2445816.      0.0000000E+00  0.0000000E+00
         365          12          31        2023         203                     0 hru203            0.0000000E+00   1457751.       2456455.      0.0000000E+00  0.0000000E+00
         365          12          31        2023         204                     0 hru204            0.0000000E+00   1172020.       2597661.      0.0000000E+00  0.0000000E+00
         365          12          31        2023         205                     0 hru205            0.0000000E+00   592310.2       2547307.      0.0000000E+00  0.0000000E+00
         365          12          31        2023         206                     0 hru206            0.0000000E+00   619294.8       2146400.      0.0000000E+00  0.0000000E+00
         365          12          31        2023         207                     0 hru207            0.0000000E+00   1019604.       1884188.      0.0000000E+00  0.0000000E+00
         365          12          31        2023         208                     0 hru208            0.0000000E+00   851252.4       1745830.      0.0000000E+00  0.0000000E+00
         365          12          31        2023         209                     0 hru209            0.0000000E+00   868462.5       1561636.      0.0000000E+00  0.0000000E+00
         365          12          31        2023         210                     0 hru210            0.0000000E+00   1218414.       1881642.      0.0000000E+00  0.0000000E+00
         365          12          31        2023         211                     0 hru211            0.0000000E+00   1306983.       2370859.      0.0000000E+00  0.0000000E+00
         365          12          31        2023         212                     0 hru212            0.0000000E+00   969115.1       3088626.      0.0000000E+00  0.0000000E+00
         365          12          31        2023         213                     0 hru213            0.0000000E+00   481049.9       781163.0      0.0000000E+00  0.0000000E+00
         365          12          31        2023         214                     0 hru214            0.0000000E+00   1193643.       1999185.      0.0000000E+00  0.0000000E+00
         365          12          31        2023         215                     0 hru215            0.0000000E+00   1192258.       2001741.      0.0000000E+00  0.0000000E+00
         365          12          31        2023         216                     0 hru216            0.0000000E+00   1145742.       2557089.      0.0000000E+00  0.0000000E+00
         365          12          31        2023         217                     0 hru217            0.0000000E+00   1331795.       2486704.      0.0000000E+00  0.0000000E+00
         365          12          31        2023         218                     0 hru218            0.0000000E+00   1635663.       2222151.      0.0000000E+00  0.0000000E+00
         365          12          31        2023         219                     0 hru219            0.0000000E+00   1205443.       2108526.      0.0000000E+00  0.0000000E+00
         365          12          31        2023         220                     0 hru220            0.0000000E+00   480123.2       866420.4      0.0000000E+00  0.0000000E+00
         365          12          31        2023         221                     0 hru221            0.0000000E+00   1382177.       3473459.      0.0000000E+00  0.0000000E+00
         365          12          31        2023         222                     0 hru222            0.0000000E+00   1805446.       2055770.      0.0000000E+00  0.0000000E+00
         365          12          31        2023         223                     0 hru223            0.0000000E+00   514584.9       1378945.      0.0000000E+00  0.0000000E+00
         365          12          31        2023         224                     0 hru224            0.0000000E+00   957935.4       1746978.      0.0000000E+00  0.0000000E+00
         365          12          31        2023         225                     0 hru225            0.0000000E+00   1382196.       2632864.      0.0000000E+00  0.0000000E+00
         365          12          31        2023         226                     0 hru226            0.0000000E+00   1562538.       2823112.      0.0000000E+00  0.0000000E+00
         365          12          31        2023         227                     0 hru227            0.0000000E+00   1268133.       2223366.      0.0000000E+00  0.0000000E+00
         365          12          31        2023         228                     0 hru228            0.0000000E+00   1022703.       1576943.      0.0000000E+00  0.0000000E+00
         365          12          31        2023         229                     0 hru229            0.0000000E+00   996284.2       1860632.      0.0000000E+00  0.0000000E+00
         365          12          31        2023         230                     0 hru230            0.0000000E+00   1668193.       2385809.      0.0000000E+00  0.0000000E+00
         365          12          31        2023         231                     0 hru231            0.0000000E+00   743162.1       1490518.      0.0000000E+00  0.0000000E+00
         365          12          31        2023         232                     0 hru232            0.0000000E+00   1638628.       2345276.      0.0000000E+00  0.0000000E+00
         365          12          31        2023         233                     0 hru233            0.0000000E+00   1536369.       2299134.      0.0000000E+00  0.0000000E+00
         365          12          31        2023         234                     0 hru234            0.0000000E+00   606645.2       1045848.      0.0000000E+00  0.0000000E+00
         365          12          31        2023         235                     0 hru235            0.0000000E+00   1123084.       2429756.      0.0000000E+00  0.0000000E+00
         365          12          31        2023         236                     0 hru236            0.0000000E+00   1615663.       2378160.      0.0000000E+00  0.0000000E+00
         365          12          31        2023         237                     0 hru237            0.0000000E+00   960075.2       1590990.      0.0000000E+00  0.0000000E+00
         365          12          31        2023         238                     0 hru238            0.0000000E+00   1393869.       2716454.      0.0000000E+00  0.0000000E+00
         365          12          31        2023         239                     0 hru239            0.0000000E+00  0.0000000E+00  2.6758272E+08  0.0000000E+00  0.0000000E+00
         365          12          31        2023         240                     0 hru240            0.0000000E+00  0.0000000E+00  2.7177386E+08  0.0000000E+00  0.0000000E+00
         365          12          31        2023         241                     0 hru241            0.0000000E+00  0.0000000E+00  2.7277725E+08  0.0000000E+00  0.0000000E+00
         365          12          31        2023         242                     0 hru242            0.0000000E+00  0.0000000E+00  2.7366691E+08  0.0000000E+00  0.0000000E+00
         365          12          31        2023         243                     0 hru243            0.0000000E+00  0.0000000E+00  2.6896061E+08  0.0000000E+00  0.0000000E+00
         365          12          31        2023         244                     0 hru244            0.0000000E+00  0.0000000E+00  2.7460707E+08  0.0000000E+00  0.0000000E+00
         365          12          31        2023         245                     0 hru245            0.0000000E+00  0.0000000E+00  2.7461091E+08  0.0000000E+00  0.0000000E+00
         365          12          31        2023         246                     0 hru246            0.0000000E+00  0.0000000E+00  1.1220817E+08  0.0000000E+00  0.0000000E+00
         365          12          31        2023         247                     0 hru247            0.0000000E+00   793198.9       1616316.      0.0000000E+00  0.0000000E+00
         365          12          31        2023         248                     0 hru248            0.0000000E+00   171328.8       430198.3      0.0000000E+00  0.0000000E+00
         365          12          31        2023         249                     0 hru249            0.0000000E+00   200864.3       450805.4      0.0000000E+00  0.0000000E+00
         365          12          31        2023         250                     0 hru250            0.0000000E+00   462718.3       1550454.      0.0000000E+00  0.0000000E+00
         365          12          31        2023         251                     0 hru251            0.0000000E+00  0.0000000E+00  2.7218893E+08  0.0000000E+00  0.0000000E+00
         365          12          31        2023         252                     0 hru252            0.0000000E+00  0.0000000E+00  2.4658358E+08  0.0000000E+00  0.0000000E+00
         365          12          31        2023         253                     0 hru253            0.0000000E+00  0.0000000E+00  2.7417581E+08  0.0000000E+00  0.0000000E+00
         365          12          31        2023         254                     0 hru254            0.0000000E+00  0.0000000E+00  2.7379642E+08  0.0000000E+00  0.0000000E+00
         365          12          31        2023         255                     0 hru255            0.0000000E+00  0.0000000E+00  2.7460998E+08  0.0000000E+00  0.0000000E+00
         365          12          31        2023         256                     0 hru256            0.0000000E+00  0.0000000E+00  2.1147288E+08  0.0000000E+00  0.0000000E+00
         365          12          31        2023         257                     0 hru257            0.0000000E+00  0.0000000E+00  2.7461446E+08  0.0000000E+00  0.0000000E+00
         365          12          31        2023         258                     0 hru258            0.0000000E+00  0.0000000E+00  2.7444550E+08  0.0000000E+00  0.0000000E+00
         365          12          31        2023         259                     0 hru259            0.0000000E+00  0.0000000E+00  2.1124851E+08  0.0000000E+00  0.0000000E+00
         365          12          31        2023         260                     0 hru260            0.0000000E+00  0.0000000E+00  1.9627773E+08  0.0000000E+00  0.0000000E+00
         365          12          31        2023         261                     0 hru261            0.0000000E+00  0.0000000E+00  2.1239125E+08  0.0000000E+00  0.0000000E+00
         365          12          31        2023         262                     0 hru262            0.0000000E+00  0.0000000E+00  2.7461792E+08  0.0000000E+00  0.0000000E+00
         365          12          31        2023         263                     0 hru263            0.0000000E+00  0.0000000E+00  1.9456115E+08  0.0000000E+00  0.0000000E+00
         365          12          31        2023         264                     0 hru264            0.0000000E+00  0.0000000E+00  2.7361030E+08  0.0000000E+00  0.0000000E+00
         365          12          31        2023         265                     0 hru265            0.0000000E+00  0.0000000E+00  2.7157757E+08  0.0000000E+00  0.0000000E+00
         365          12          31        2023         266                     0 hru266            0.0000000E+00  0.0000000E+00  2.7462304E+08  0.0000000E+00  0.0000000E+00
         365          12          31        2023         267                     0 hru267            0.0000000E+00  0.0000000E+00  2.7461098E+08  0.0000000E+00  0.0000000E+00
         365          12          31        2023         268                     0 hru268            0.0000000E+00  0.0000000E+00  2.6857002E+08  0.0000000E+00  0.0000000E+00
         365          12          31        2023         269                     0 hru269            0.0000000E+00  0.0000000E+00  2.6736024E+08  0.0000000E+00  0.0000000E+00
         365          12          31        2023         270                     0 hru270            0.0000000E+00  0.0000000E+00  2.7324502E+08  0.0000000E+00  0.0000000E+00
         365          12          31        2023         271                     0 hru271            0.0000000E+00  0.0000000E+00  2.6050602E+08  0.0000000E+00  0.0000000E+00
         365          12          31        2023         272                     0 hru272            0.0000000E+00  0.0000000E+00  2.6163726E+08  0.0000000E+00  0.0000000E+00
         365          12          31        2023         273                     0 hru273            0.0000000E+00  0.0000000E+00  2.6452933E+08  0.0000000E+00  0.0000000E+00
         365          12          31        2023         274                     0 hru274            0.0000000E+00   845798.6       1629950.      0.0000000E+00  0.0000000E+00
         365          12          31        2023         275                     0 hru275            0.0000000E+00   830207.1       1644448.      0.0000000E+00  0.0000000E+00
         365          12          31        2023         276                     0 hru276            0.0000000E+00   497650.4       1544314.      0.0000000E+00  0.0000000E+00
         365          12          31        2023         277                     0 hru277            0.0000000E+00   517583.5       1525366.      0.0000000E+00  0.0000000E+00
         365          12          31        2023         278                     0 hru278            0.0000000E+00  0.0000000E+00  2.7978163E+08  0.0000000E+00  0.0000000E+00
         365          12          31        2023         279                     0 hru279            0.0000000E+00  0.0000000E+00  2.7464499E+08  0.0000000E+00  0.0000000E+00
         365          12          31        2023         280                     0 hru280            0.0000000E+00  0.0000000E+00  2.7465245E+08  0.0000000E+00  0.0000000E+00
         365          12          31        2023         281                     0 hru281            0.0000000E+00  0.0000000E+00  1.1677069E+08  0.0000000E+00  0.0000000E+00
         365          12          31        2023         282                     0 hru282            0.0000000E+00  0.0000000E+00  1.1915122E+08  0.0000000E+00  0.0000000E+00
         365          12          31        2023         283                     0 hru283            0.0000000E+00  0.0000000E+00  1.9603461E+08  0.0000000E+00  0.0000000E+00
         365          12          31        2023         284                     0 hru284            0.0000000E+00  0.0000000E+00  1.9552726E+08  0.0000000E+00  0.0000000E+00
         365          12          31        2023         285                     0 hru285            0.0000000E+00  0.0000000E+00  1.9549877E+08  0.0000000E+00  0.0000000E+00
         365          12          31        2023         286                     0 hru286            0.0000000E+00  0.0000000E+00  1.9550029E+08  0.0000000E+00  0.0000000E+00
         365          12          31        2023         287                     0 hru287            0.0000000E+00  0.0000000E+00  1.9533299E+08  0.0000000E+00  0.0000000E+00
         365          12          31        2023         288                     0 hru288            0.0000000E+00  0.0000000E+00   3199440.      0.0000000E+00  0.0000000E+00
         365          12          31        2023         289                     0 hru289            0.0000000E+00  0.0000000E+00   3248779.      0.0000000E+00  0.0000000E+00
         365          12          31        2023         290                     0 hru290            0.0000000E+00  0.0000000E+00   3370836.      0.0000000E+00  0.0000000E+00
         365          12          31        2023         291                     0 hru291            0.0000000E+00  0.0000000E+00   2960450.      0.0000000E+00  0.0000000E+00
         365          12          31        2023         292                     0 hru292            0.0000000E+00  0.0000000E+00   3313780.      0.0000000E+00  0.0000000E+00
         365          12          31        2023         293                     0 hru293            0.0000000E+00  0.0000000E+00   3246323.      0.0000000E+00  0.0000000E+00
         365          12          31        2023         294                     0 hru294            0.0000000E+00   509273.7       934771.4      0.0000000E+00  0.0000000E+00
         365          12          31        2023         295                     0 hru295            0.0000000E+00   1378420.       1635762.      0.0000000E+00  0.0000000E+00
         365          12          31        2023         296                     0 hru296            0.0000000E+00  0.0000000E+00  1.2394477E+07  0.0000000E+00  0.0000000E+00
         365          12          31        2023         297                     0 hru297            0.0000000E+00   951238.9       1866997.      0.0000000E+00  0.0000000E+00
         365          12          31        2023         298                     0 hru298            0.0000000E+00  0.0000000E+00   5129658.      0.0000000E+00  0.0000000E+00
         365          12          31        2023         299                     0 hru299            0.0000000E+00  0.0000000E+00   3385016.      0.0000000E+00  0.0000000E+00
         365          12          31        2023         300                     0 hru300            0.0000000E+00   810324.2       1884005.      0.0000000E+00  0.0000000E+00
         365          12          31        2023         301                     0 hru301            0.0000000E+00  0.0000000E+00   6557480.      0.0000000E+00  0.0000000E+00
         365          12          31        2023         302                     0 hru302            0.0000000E+00  0.0000000E+00   3329762.      0.0000000E+00  0.0000000E+00
         365          12          31        2023         303                     0 hru303            0.0000000E+00   1161987.       3551386.      0.0000000E+00  0.0000000E+00
         365          12          31        2023         304                     0 hru304            0.0000000E+00  0.0000000E+00  2.7989536E+08  0.0000000E+00  0.0000000E+00
         365          12          31        2023         305                     0 hru305            0.0000000E+00  0.0000000E+00  2.7436698E+08  0.0000000E+00  0.0000000E+00
         365          12          31        2023         306                     0 hru306            0.0000000E+00  0.0000000E+00  2.6644235E+08  0.0000000E+00  0.0000000E+00
         365          12          31        2023         307                     0 hru307            0.0000000E+00  0.0000000E+00  2.7197907E+08  0.0000000E+00  0.0000000E+00
         365          12          31        2023         308                     0 hru308            0.0000000E+00  0.0000000E+00  2.6947590E+08  0.0000000E+00  0.0000000E+00
         365          12          31        2023         309                     0 hru309            0.0000000E+00  0.0000000E+00  2.7995149E+08  0.0000000E+00  0.0000000E+00
         365          12          31        2023         310                     0 hru310            0.0000000E+00  0.0000000E+00  2.7129510E+08  0.0000000E+00  0.0000000E+00
         365          12          31        2023         311                     0 hru311            0.0000000E+00  0.0000000E+00  2.7813238E+08  0.0000000E+00  0.0000000E+00
         365          12          31        2023         312                     0 hru312            0.0000000E+00  0.0000000E+00  2.7436682E+08  0.0000000E+00  0.0000000E+00
         365          12          31        2023         313                     0 hru313            0.0000000E+00  0.0000000E+00  2.7991568E+08  0.0000000E+00  0.0000000E+00
         365          12          31        2023         314                     0 hru314            0.0000000E+00   572196.6       1716018.      0.0000000E+00  0.0000000E+00
