 Mini_CREATE               SWAT+ Jan 11 2024        MODULAR Rev 2024.61.0                                 
   jday   mon   day    yr   unit  gis_id  name                 sedyld     sedorgn     sedorgp     surqno3     lat3no3    surqsolp        usle     sedminp     tileno3     lchlabp    tilelabp      satexn
                                                                  tha        kgha        kgha        kgha        kgha        kgha        tons        kgha        kgha        kgha        kgha        kgha
    365    12    31  2023      1       0  rtu001                 0.006       0.049       0.005       0.382       0.044       0.253       0.000       0.016       0.000      10.424       0.000       0.000
    365    12    31  2023      2       0  rtu002                 0.006       0.050       0.005       0.385       0.041       0.265       0.000       0.016       0.000      10.063       0.000       0.000
    365    12    31  2023      3       0  rtu003                 0.000       0.000       0.000       0.000       0.064       0.000       0.000       0.000       0.000      15.617       0.000       0.000
    365    12    31  2023      4       0  rtu004                 0.000       0.002       0.000       0.009       6.370       0.003       0.000       0.001       0.000      12.054       0.000       0.000
    365    12    31  2023      5       0  rtu005                 0.000       0.000       0.000       0.000       0.289       0.002       0.000       0.000       0.000      18.438       0.000       0.000
    365    12    31  2023      6       0  rtu006                 0.000       0.002       0.000       0.014       5.402       0.005       0.000       0.000       0.000      13.108       0.000       0.000
    365    12    31  2023      7       0  rtu007                 0.000       0.000       0.000       0.000       0.184       0.002       0.000       0.000       0.000      18.544       0.000       0.000
    365    12    31  2023      8       0  rtu008                 0.000       0.002       0.000       0.009       6.532       0.003       0.000       0.001       0.000      11.873       0.000       0.000
    365    12    31  2023      9       0  rtu009                 0.001       0.005       0.001       0.058       0.013       0.040       0.000       0.002       0.000      25.911       0.000       0.000
    365    12    31  2023     10       0  rtu010                 0.000       0.000       0.000       0.000       0.176       0.002       0.000       0.000       0.000      18.551       0.000       0.000
    365    12    31  2023     11       0  rtu011                 0.000       0.000       0.000       0.000       0.182       0.002       0.000       0.000       0.000      18.547       0.000       0.000
    365    12    31  2023     12       0  rtu012                 0.000       0.000       0.000       0.000       0.074       0.002       0.000       0.000       0.000      18.659       0.000       0.000
    365    12    31  2023     13       0  rtu013                 0.000       0.000       0.000       0.000       0.227       0.002       0.000       0.000       0.000      18.503       0.000       0.000
    365    12    31  2023     14       0  rtu014                 0.000       0.000       0.000       0.000       0.207       0.002       0.000       0.000       0.000      18.523       0.000       0.000
    365    12    31  2023     15       0  rtu015                 0.000       0.000       0.000       0.000       0.301       0.002       0.000       0.000       0.000      18.427       0.000       0.000
    365    12    31  2023     16       0  rtu016                 0.000       0.001       0.000       0.013       0.051       0.013       0.000       0.000       0.000      20.510       0.000       0.000
    365    12    31  2023     17       0  rtu017                 0.000       0.000       0.000       0.000       0.090       0.000       0.000       0.000       0.000      15.408       0.000       0.000
    365    12    31  2023     18       0  rtu018                 0.002       0.008       0.001       0.025       0.054       0.171       0.000       0.003       0.000      18.467       0.000       0.000
    365    12    31  2023     19       0  rtu019                 0.001       0.014       0.002       0.080       0.150       0.135       0.000       0.004       0.000      18.910       0.000       0.000
    365    12    31  2023     20       0  rtu020                 0.001       0.005       0.001       0.006       0.068       0.060       0.000       0.002       0.000      17.458       0.000       0.000
    365    12    31  2023     21       0  rtu021                 0.000       0.000       0.000       0.000       0.039       0.000       0.000       0.000       0.000      15.556       0.000       0.000
    365    12    31  2023     22       0  rtu022                 0.000       0.000       0.000       0.000       0.035       0.000       0.000       0.000       0.000      15.561       0.000       0.000
    365    12    31  2023     23       0  rtu023                 0.000       0.000       0.000       0.000       0.288       0.000       0.000       0.000       0.000      19.856       0.000       0.000
    365    12    31  2023     24       0  rtu024                 0.000       0.000       0.000       0.000       0.233       0.000       0.000       0.000       0.000      19.874       0.000       0.000
    365    12    31  2023     25       0  rtu025                 0.000       0.000       0.000       0.000       0.082       0.000       0.000       0.000       0.000      15.512       0.000       0.000
    365    12    31  2023     26       0  rtu026                 0.000       0.000       0.000       0.000       0.036       0.000       0.000       0.000       0.000      15.568       0.000       0.000
    365    12    31  2023     27       0  rtu027                 0.000       0.000       0.000       0.005       0.018       0.001       0.000       0.000       0.000      19.684       0.000       0.000
    365    12    31  2023     28       0  rtu028                 0.000       0.000       0.000       0.000       0.088       0.000       0.000       0.000       0.000      15.505       0.000       0.000
    365    12    31  2023     29       0  rtu029                 0.009       0.043       0.004       0.276       6.625       0.108       0.000       0.017       0.000       5.890       0.000       0.000
    365    12    31  2023     30       0  rtu030                 0.027       0.169       0.016       0.546       4.321       0.239       0.000       0.053       0.000       6.841       0.000       0.000
    365    12    31  2023     31       0  rtu031                 0.001       0.007       0.001       0.001       0.115       0.033       0.000       0.003       0.000      18.119       0.000       0.000
    365    12    31  2023     32       0  rtu032                 0.056       0.285       0.034       0.375       1.454       0.266       0.000       0.101       0.000       7.402       0.000       0.000
    365    12    31  2023     33       0  rtu033                 0.000       0.000       0.000       0.000       0.034       0.000       0.000       0.000       0.000      14.551       0.000       0.000
    365    12    31  2023     34       0  rtu034                 0.019       0.095       0.011       0.147       0.017       0.098       0.000       0.032       0.000      26.063       0.000       0.000
    365    12    31  2023     35       0  rtu035                 0.021       0.079       0.009       0.122       0.033       0.087       0.000       0.035       0.000      23.126       0.000       0.000
    365    12    31  2023     36       0  rtu036                 0.003       0.011       0.001       0.122       0.007       0.088       0.000       0.005       0.000      23.211       0.000       0.000
    365    12    31  2023     37       0  rtu037                 0.013       0.064       0.007       0.149       0.004       0.098       0.000       0.022       0.000      31.232       0.000       0.000
    365    12    31  2023     38       0  rtu038                 0.010       0.037       0.004       0.122       0.021       0.088       0.000       0.016       0.000      23.167       0.000       0.000
    365    12    31  2023     39       0  rtu039                 0.026       0.096       0.011       0.122       0.038       0.087       0.000       0.043       0.000      23.112       0.000       0.000
    365    12    31  2023     40       0  rtu040                 0.536       2.535       0.294       1.070       1.016       0.781       0.000       0.870       0.000       9.559       0.000       0.000
    365    12    31  2023     41       0  rtu041                 0.033       0.137       0.015       0.312       0.019       0.253       0.000       0.061       0.000      20.350       0.000       0.000
    365    12    31  2023     42       0  rtu042                 0.042       0.220       0.025       0.332       0.003       0.264       0.000       0.074       0.000      25.955       0.000       0.000
    365    12    31  2023     43       0  rtu043                 0.044       0.375       0.200       9.394       0.000       1.356       0.000       0.151       0.000       0.000       0.000       0.000
    365    12    31  2023     44       0  rtu044                 3.359       9.824       4.394       8.594       0.004       1.856       0.000       0.188       0.000      15.085       0.000       0.000
    365    12    31  2023     45       0  rtu045                 0.000       0.000       0.000       9.417       0.000       1.368       0.000       0.000       0.000       0.000       0.000       0.000
    365    12    31  2023     46       0  rtu046                 0.001       0.004       0.002       9.402       0.000       1.343       0.000       0.006       0.000       0.000       0.000       0.000
    365    12    31  2023     47       0  rtu047                 0.000       0.000       0.000       9.290       0.000       1.384       0.000       0.000       0.000       0.000       0.000       0.000
    365    12    31  2023     48       0  rtu048                 0.000       0.000       0.000      11.844       0.000       1.475       0.000       0.000       0.000       0.000       0.000       0.000
    365    12    31  2023     49       0  rtu049                 0.001       0.000       0.000       9.946       0.000       1.501       0.000       0.000       0.000       0.000       0.000       0.000
    365    12    31  2023     50       0  rtu050                 0.002       0.000       0.000       9.946       0.000       1.501       0.000       0.000       0.000       0.000       0.000       0.000
    365    12    31  2023     51       0  rtu051                 0.000       0.000       0.000       9.946       0.000       1.501       0.000       0.000       0.000       0.000       0.000       0.000
    365    12    31  2023     52       0  rtu052                 0.000       0.000       0.000       9.967       0.000       1.505       0.000       0.001       0.000       0.000       0.000       0.000
    365    12    31  2023     53       0  rtu053                 0.000       0.005       0.002      12.332       0.000       1.702       0.000       0.004       0.000       0.000       0.000       0.000
    365    12    31  2023     54       0  rtu054                 0.000       0.000       0.000       9.945       0.000       1.501       0.000       0.000       0.000       0.000       0.000       0.000
    365    12    31  2023     55       0  rtu055                 1.045       4.483       0.545       0.327       8.364       0.233       0.000       1.641       0.000       6.720       0.000       0.000
    365    12    31  2023     56       0  rtu056                 0.000       0.000       0.000       0.002       0.544       0.001       0.000       0.000       0.000      19.814       0.000       0.000
    365    12    31  2023     57       0  rtu057                 0.394       1.836       0.223       0.261       1.788       0.232       0.000       0.659       0.000       8.610       0.000       0.000
    365    12    31  2023     58       0  rtu058                 2.372       8.895       1.082       0.482       8.170       0.221       0.000       3.325       0.000       7.425       0.000       0.000
    365    12    31  2023     59       0  rtu059                 0.233       1.100       0.134       0.264       1.206       0.249       0.000       0.393       0.000       8.660       0.000       0.000
    365    12    31  2023     60       0  rtu060                 4.029      13.133       1.596       0.221      15.634       0.056       0.000       3.753       0.000       8.281       0.000       0.000
    365    12    31  2023     61       0  rtu061                 0.002       0.010       0.001       0.010       0.069       0.003       0.000       0.004       0.000      21.266       0.000       0.000
    365    12    31  2023     62       0  rtu062                 2.221       8.957       1.089       0.176       0.116       0.484       0.000       2.806       0.000      54.623       0.000       0.000
    365    12    31  2023     63       0  rtu063                 0.005       0.022       0.003       0.015       0.010       0.007       0.000       0.008       0.000      24.744       0.000       0.000
    365    12    31  2023     64       0  rtu064                 0.003       0.020       0.002       0.002      10.662       0.001       0.000       0.006       0.000      13.225       0.000       0.000
    365    12    31  2023     65       0  rtu065                 0.003       0.022       0.003       0.003       9.894       0.001       0.000       0.006       0.000      13.579       0.000       0.000
    365    12    31  2023     66       0  rtu066                 0.003       0.015       0.002       0.002      11.886       0.001       0.000       0.004       0.000      12.168       0.000       0.000
    365    12    31  2023     67       0  rtu067                 0.000       0.000       0.000       0.000       3.334       0.000       0.000       0.000       0.000      14.721       0.000       0.000
    365    12    31  2023     68       0  rtu068                 0.000       0.000       0.000       0.002       0.407       0.001       0.000       0.000       0.000      19.764       0.000       0.000
    365    12    31  2023     69       0  rtu069                 0.000       0.000       0.000       0.002       0.279       0.001       0.000       0.000       0.000      20.204       0.000       0.000
    365    12    31  2023     70       0  rtu070                 0.000       0.000       0.000       0.002       0.199       0.001       0.000       0.000       0.000      20.160       0.000       0.000
    365    12    31  2023     71       0  rtu071                 0.000       0.000       0.000       0.002       0.165       0.001       0.000       0.000       0.000      20.325       0.000       0.000
    365    12    31  2023     72       0  rtu072                 0.000       0.000       0.000       0.002       0.307       0.001       0.000       0.000       0.000      19.742       0.000       0.000
    365    12    31  2023     73       0  rtu073                 0.286       1.699       0.207       0.440       0.039       0.567       0.000       0.572       0.000      12.293       0.000       0.000
    365    12    31  2023     74       0  rtu074                 0.234       1.115       0.136       0.266       1.185       0.251       0.000       0.397       0.000       8.349       0.000       0.000
    365    12    31  2023     75       0  rtu075                 0.360       1.845       0.225       0.315       1.269       0.338       0.000       0.658       0.000       8.838       0.000       0.000
    365    12    31  2023     76       0  rtu076                 0.000       0.002       0.000       0.007       0.049       0.001       0.000       0.001       0.000      20.879       0.000       0.000
    365    12    31  2023     77       0  rtu077                 0.000       0.000       0.000       0.000       0.095       0.000       0.000       0.000       0.000      17.773       0.000       0.000
    365    12    31  2023     78       0  rtu078                 0.000       0.000       0.000       0.000       0.078       0.000       0.000       0.000       0.000      17.876       0.000       0.000
    365    12    31  2023     79       0  rtu079                 0.015       0.051       0.006       0.015       0.056       0.033       0.000       0.024       0.000      20.755       0.000       0.000
    365    12    31  2023     80       0  rtu080                 0.000       0.000       0.000       0.000       0.157       0.000       0.000       0.000       0.000      17.411       0.000       0.000
    365    12    31  2023     81       0  rtu081                 0.008       0.031       0.004       0.010       0.059       0.024       0.000       0.015       0.000      18.861       0.000       0.000
    365    12    31  2023     82       0  rtu082                 0.000       0.000       0.000       0.000       0.061       0.000       0.000       0.000       0.000      21.000       0.000       0.000
    365    12    31  2023     83       0  rtu083                 0.000       0.000       0.000       0.000       0.047       0.000       0.000       0.000       0.000      18.128       0.000       0.000
    365    12    31  2023     84       0  rtu084                 0.000       0.000       0.000       0.000       0.051       0.000       0.000       0.000       0.000      17.872       0.000       0.000
    365    12    31  2023     85       0  rtu085                 0.000       0.000       0.000       0.000       0.071       0.000       0.000       0.000       0.000      17.683       0.000       0.000
    365    12    31  2023     86       0  rtu086                 0.990       5.105       0.621       0.229       0.015       0.625       0.000       1.769       0.000      58.565       0.000       0.000
    365    12    31  2023     87       0  rtu087                 0.059       0.541       0.066       0.055       0.124       0.215       0.000       0.152       0.000      22.328       0.000       0.000
    365    12    31  2023     88       0  rtu088                 0.000       0.000       0.000       0.000       0.944       0.000       0.000       0.000       0.000      20.180       0.000       0.000
    365    12    31  2023     89       0  rtu089                 0.000       0.000       0.000       0.000       0.070       0.000       0.000       0.000       0.000      17.823       0.000       0.000
    365    12    31  2023     90       0  rtu090                 0.000       0.000       0.000       0.000       0.076       0.000       0.000       0.000       0.000      17.920       0.000       0.000
    365    12    31  2023     91       0  rtu091                 0.000       0.000       0.000       0.000       0.573       0.000       0.000       0.000       0.000      19.055       0.000       0.000
    365    12    31  2023     92       0  rtu092                 0.009       0.040       0.005       0.014       0.020       0.007       0.000       0.014       0.000      32.435       0.000       0.000
    365    12    31  2023     93       0  rtu093                 0.000       0.000       0.000       0.000       0.067       0.000       0.000       0.000       0.000      17.824       0.000       0.000
    365    12    31  2023     94       0  rtu094                 0.000       0.000       0.000       0.000       0.685       0.000       0.000       0.000       0.000      19.954       0.000       0.000
    365    12    31  2023     95       0  rtu095                 0.525       2.375       0.289       0.186      11.290       0.177       0.000       0.842       0.000       8.957       0.000       0.000
    365    12    31  2023     96       0  rtu096                 0.015       0.948       0.116       0.029       1.658       0.058       0.000       0.028       0.000      23.678       0.000       0.000
    365    12    31  2023     97       0  rtu097                 0.000       0.000       0.000       0.000       2.626       0.000       0.000       0.000       0.000      19.979       0.000       0.000
    365    12    31  2023     98       0  rtu098                 0.624       2.800       0.340       0.170      12.638       0.148       0.000       0.997       0.000       8.237       0.000       0.000
    365    12    31  2023     99       0  rtu099                 0.975       4.427       0.538       0.083       0.479       0.249       0.000       1.590       0.000      23.890       0.000       0.000
    365    12    31  2023    100       0  rtu100                 0.006       0.028       0.003       0.011       0.018       0.005       0.000       0.010       0.000      25.185       0.000       0.000
    365    12    31  2023    101       0  rtu101                 0.000       0.000       0.000       0.000       0.128       0.000       0.000       0.000       0.000      17.923       0.000       0.000
    365    12    31  2023    102       0  rtu102                 0.009       0.046       0.005       0.103       0.015       0.021       0.000       0.015       0.000      22.205       0.000       0.000
    365    12    31  2023    103       0  rtu103                 0.004       0.013       0.001       0.034       0.133       0.007       0.000       0.006       0.000      17.266       0.000       0.000
    365    12    31  2023    104       0  rtu104                 0.006       0.031       0.003       0.090       0.011       0.023       0.000       0.010       0.000      22.093       0.000       0.000
    365    12    31  2023    105       0  rtu105                 0.027       0.095       0.011       0.112       0.110       0.209       0.000       0.046       0.000      28.679       0.000       0.000
    365    12    31  2023    106       0  rtu106                 0.975       4.771       0.515       1.256       1.897       0.464       0.000       1.569       0.000       7.274       0.000       0.000
    365    12    31  2023    107       0  rtu107                 0.401       2.030       0.243       0.263       0.054       0.656       0.000       0.742       0.000      10.247       0.000       0.000
    365    12    31  2023    108       0  rtu108                 0.035       0.289       0.048       0.078       0.208       0.125       0.000       0.150       0.000      23.532       0.000       0.000
    365    12    31  2023    109       0  rtu109                 0.008       0.049       0.007       0.041       0.260       0.056       0.000       0.021       0.000      20.322       0.000       0.000
    365    12    31  2023    110       0  rtu110                 0.010       0.050       0.006       0.124       0.070       0.020       0.000       0.017       0.000      18.968       0.000       0.000
    365    12    31  2023    111       0  rtu111                 0.015       0.073       0.009       0.133       0.077       0.038       0.000       0.026       0.000      18.897       0.000       0.000
    365    12    31  2023    112       0  rtu112                 0.087       0.794       0.135       1.668       0.283       1.547       0.000       0.430       0.000      10.447       0.000       0.000
    365    12    31  2023    113       0  rtu113                 0.003       0.011       0.001       0.009       0.089       0.007       0.000       0.006       0.000      15.195       0.000       0.000
    365    12    31  2023    114       0  rtu114                 0.079       0.398       0.053       0.122       1.599       0.314       0.000       0.232       0.000      19.657       0.000       0.000
    365    12    31  2023    115       0  rtu115                 0.026       0.128       0.015       0.076       0.014       0.041       0.000       0.045       0.000      20.313       0.000       0.000
    365    12    31  2023    116       0  rtu116                 0.003       0.011       0.001       0.023       0.097       0.005       0.000       0.005       0.000      16.310       0.000       0.000
    365    12    31  2023    117       0  rtu117                 0.002       0.007       0.001       0.022       0.112       0.006       0.000       0.003       0.000      15.811       0.000       0.000
    365    12    31  2023    118       0  rtu118                 0.002       0.007       0.001       0.022       0.106       0.006       0.000       0.003       0.000      15.796       0.000       0.000
    365    12    31  2023    119       0  rtu119                 0.701       3.419       0.393       1.767       1.586       0.428       0.000       1.220       0.000       6.310       0.000       0.000
    365    12    31  2023    120       0  rtu120                 0.001       0.036       0.004       0.017       0.215       0.004       0.000       0.001       0.000      20.089       0.000       0.000
    365    12    31  2023    121       0  rtu121                 0.026       0.220       0.038       0.077       0.132       0.178       0.000       0.118       0.000      23.938       0.000       0.000
    365    12    31  2023    122       0  rtu122                 0.045       0.266       0.037       0.039       0.493       0.154       0.000       0.116       0.000      20.737       0.000       0.000
    365    12    31  2023    123       0  rtu123                 0.001       0.003       0.000       0.020       0.217       0.006       0.000       0.002       0.000      18.174       0.000       0.000
    365    12    31  2023    124       0  rtu124                 0.017       0.123       0.020       0.066       0.349       0.111       0.000       0.060       0.000      20.572       0.000       0.000
    365    12    31  2023    125       0  rtu125                 1.135       5.580       0.660       4.679       0.690       1.647       0.000       2.032       0.000       7.504       0.000       0.000
    365    12    31  2023    126       0  rtu126                 0.004       0.017       0.002       0.031       0.086       0.014       0.000       0.008       0.000      16.733       0.000       0.000
    365    12    31  2023    127       0  rtu127                 3.182      14.195       1.672       5.863       0.923       3.082       0.000       4.958       0.000       8.299       0.000       0.000
    365    12    31  2023    128       0  rtu128                 1.050       4.949       0.599       0.755       6.918       0.412       0.000       1.847       0.000       5.102       0.000       0.000
    365    12    31  2023    129       0  rtu129                 0.084       0.432       0.051       0.760       0.101       0.236       0.000       0.171       0.000       9.848       0.000       0.000
    365    12    31  2023    130       0  rtu130                 0.029       0.154       0.018       0.111       0.027       0.084       0.000       0.054       0.000      17.997       0.000       0.000
    365    12    31  2023    131       0  rtu131                 0.024       0.113       0.014       0.201       0.011       0.035       0.000       0.040       0.000      20.735       0.000       0.000
    365    12    31  2023    132       0  rtu132                 0.252       1.281       0.153       1.261       0.100       0.752       0.000       0.526       0.000      10.710       0.000       0.000
    365    12    31  2023    133       0  rtu133                 0.002       0.019       0.004       0.022       1.359       0.044       0.000       0.013       0.000      17.730       0.000       0.000
    365    12    31  2023    134       0  rtu134                 0.234       1.555       0.238       4.082       4.788       1.466       0.000       0.748       0.000       7.492       0.000       0.000
    365    12    31  2023    135       0  rtu135                 0.007       0.041       0.004       0.373       0.345       0.056       0.000       0.013       0.000      20.425       0.000       0.000
    365    12    31  2023    136       0  rtu136                 0.001       0.028       0.003       0.018       0.903       0.003       0.000       0.001       0.000      33.632       0.000       0.000
    365    12    31  2023    137       0  rtu137                 0.006       0.031       0.004       0.028       0.252       0.016       0.000       0.014       0.000      19.343       0.000       0.000
    365    12    31  2023    138       0  rtu138                 0.143       0.708       0.086       0.986       0.101       0.677       0.000       0.263       0.000      12.947       0.000       0.000
    365    12    31  2023    139       0  rtu139                 0.001       0.009       0.001       0.033       0.315       0.006       0.000       0.003       0.000      18.748       0.000       0.000
    365    12    31  2023    140       0  rtu140                 0.001       0.005       0.001       0.024       0.123       0.005       0.000       0.002       0.000      15.834       0.000       0.000
    365    12    31  2023    141       0  rtu141                 0.007       0.042       0.005       0.080       0.031       0.050       0.000       0.015       0.000      18.967       0.000       0.000
    365    12    31  2023    142       0  rtu142                 0.004       0.013       0.002       0.010       0.109       0.008       0.000       0.007       0.000      15.430       0.000       0.000
    365    12    31  2023    143       0  rtu143                 0.032       0.200       0.023       0.099       0.060       0.093       0.000       0.067       0.000      19.356       0.000       0.000
    365    12    31  2023    144       0  rtu144                 0.008       0.039       0.004       0.112       0.012       0.036       0.000       0.014       0.000      21.191       0.000       0.000
    365    12    31  2023    145       0  rtu145                 0.005       0.023       0.003       0.113       0.023       0.031       0.000       0.008       0.000      18.130       0.000       0.000
    365    12    31  2023    146       0  rtu146                 0.014       0.065       0.008       0.111       0.018       0.036       0.000       0.024       0.000      20.482       0.000       0.000
    365    12    31  2023    147       0  rtu147                 0.148       0.715       0.085       0.181       0.021       0.218       0.000       0.254       0.000      26.938       0.000       0.000
    365    12    31  2023    148       0  rtu148                 2.922      12.751       1.522       6.697       2.305       1.632       0.000       5.054       0.000       7.780       0.000       0.000
    365    12    31  2023    149       0  rtu149                 0.009       0.030       0.004       0.048       0.045       0.082       0.000       0.017       0.000      20.247       0.000       0.000
    365    12    31  2023    150       0  rtu150                 0.003       0.010       0.001       0.035       0.024       0.038       0.000       0.005       0.000      23.276       0.000       0.000
    365    12    31  2023    151       0  rtu151                 0.025       0.167       0.027       0.064       0.116       0.203       0.000       0.084       0.000      32.300       0.000       0.000
    365    12    31  2023    152       0  rtu152                 0.076       0.553       0.083       0.222       0.105       0.268       0.000       0.260       0.000      25.203       0.000       0.000
    365    12    31  2023    153       0  rtu153                 0.087       0.765       0.129       1.218       0.347       1.241       0.000       0.426       0.000      10.453       0.000       0.000
    365    12    31  2023    154       0  rtu154                 0.100       0.904       0.153       1.439       0.354       1.434       0.000       0.504       0.000      10.431       0.000       0.000
    365    12    31  2023    155       0  rtu155                 4.379      18.934       2.259       8.890       1.081       4.778       0.000       7.207       0.000       8.421       0.000       0.000
    365    12    31  2023    156       0  rtu156                 0.056       0.207       0.024       0.040       0.197       0.047       0.000       0.099       0.000      16.923       0.000       0.000
    365    12    31  2023    157       0  rtu157                 0.013       0.087       0.013       0.050       0.150       0.087       0.000       0.044       0.000      22.807       0.000       0.000
    365    12    31  2023    158       0  rtu158                 0.186       1.263       0.194       0.281       2.691       0.513       0.000       0.609       0.000      19.220       0.000       0.000
    365    12    31  2023    159       0  rtu159                 1.306       6.128       0.729       6.011       1.904       1.475       0.000       2.502       0.000       7.216       0.000       0.000
    365    12    31  2023    160       0  rtu160                 0.043       0.368       0.068       0.153       1.296       0.581       0.000       0.253       0.000      22.382       0.000       0.000
    365    12    31  2023    161       0  rtu161                 0.013       0.071       0.010       0.020       2.033       0.100       0.000       0.049       0.000      15.895       0.000       0.000
    365    12    31  2023    162       0  rtu162                 0.067       0.392       0.057       1.291       2.844       0.542       0.000       0.186       0.000      27.392       0.000       0.000
    365    12    31  2023    163       0  rtu163                 0.000       0.000       0.000       0.000       0.055       0.000       0.000       0.000       0.000      18.078       0.000       0.000
    365    12    31  2023    164       0  rtu164                 0.000       0.000       0.000       0.000       2.504       0.000       0.000       0.000       0.000      20.125       0.000       0.000
    365    12    31  2023    165       0  rtu165                 0.003       0.014       0.002       0.007       0.091       0.003       0.000       0.005       0.000      40.313       0.000       0.000
    365    12    31  2023    166       0  rtu166                 0.023       0.079       0.010       0.014       0.054       0.055       0.000       0.038       0.000      20.395       0.000       0.000
    365    12    31  2023    167       0  rtu167                 0.002       0.007       0.001       0.008       0.077       0.011       0.000       0.003       0.000      18.357       0.000       0.000
    365    12    31  2023    168       0  rtu168                 0.000       0.001       0.000       0.004       0.034       0.001       0.000       0.000       0.000      20.249       0.000       0.000
    365    12    31  2023    169       0  rtu169                 0.021       0.109       0.013       0.024       0.044       0.030       0.000       0.039       0.000      21.536       0.000       0.000
    365    12    31  2023    170       0  rtu170                 0.000       0.000       0.000       0.000       0.110       0.000       0.000       0.000       0.000      17.739       0.000       0.000
    365    12    31  2023    171       0  rtu171                 0.003       0.012       0.001       0.024       0.048       0.012       0.000       0.006       0.000      15.934       0.000       0.000
    365    12    31  2023    172       0  rtu172                 0.001       0.002       0.000       0.010       0.032       0.007       0.000       0.001       0.000      15.431       0.000       0.000
    365    12    31  2023    173       0  rtu173                 0.005       0.023       0.003       0.062       0.027       0.027       0.000       0.008       0.000      17.876       0.000       0.000
    365    12    31  2023    174       0  rtu174                 0.006       0.033       0.003       0.228       0.154       0.043       0.000       0.010       0.000      23.964       0.000       0.000
    365    12    31  2023    175       0  rtu175                 0.007       0.057       0.010       0.066       0.432       0.166       0.000       0.030       0.000      27.614       0.000       0.000
    365    12    31  2023    176       0  rtu176                 0.005       0.019       0.002       0.038       0.661       0.105       0.000       0.011       0.000      24.404       0.000       0.000
    365    12    31  2023    177       0  rtu177                 0.000       0.001       0.000       0.004       0.048       0.001       0.000       0.001       0.000      20.258       0.000       0.000
    365    12    31  2023    178       0  rtu178                 0.000       0.001       0.000       0.004       0.029       0.001       0.000       0.000       0.000      20.183       0.000       0.000
    365    12    31  2023    179       0  rtu179                 0.000       0.000       0.000       0.000       1.099       0.000       0.000       0.000       0.000      19.940       0.000       0.000
    365    12    31  2023    180       0  rtu180                 0.002       0.009       0.001       0.063       0.251       0.023       0.000       0.004       0.000      24.909       0.000       0.000
    365    12    31  2023    181       0  rtu181                 0.030       0.239       0.039       0.086       0.397       0.214       0.000       0.120       0.000      20.769       0.000       0.000
    365    12    31  2023    182       0  rtu182                 0.002       0.014       0.003       0.022       0.424       0.029       0.000       0.009       0.000      17.703       0.000       0.000
    365    12    31  2023    183       0  rtu183                 0.002       0.005       0.001       0.010       0.059       0.007       0.000       0.003       0.000      14.287       0.000       0.000
    365    12    31  2023    184       0  rtu184                 4.534      19.593       2.250       6.439       2.902       2.060       0.000       7.665       0.000       4.625       0.000       0.000
    365    12    31  2023    185       0  rtu185                 0.011       0.052       0.006       1.117       0.018       0.036       0.000       0.020       0.000      18.045       0.000       0.000
    365    12    31  2023    186       0  rtu186                 1.554       7.349       0.831       4.377       0.782       2.392       0.000       2.596       0.000       8.029       0.000       0.000
    365    12    31  2023    187       0  rtu187                 0.075       0.390       0.045       0.568       0.067       0.189       0.000       0.141       0.000      10.000       0.000       0.000
    365    12    31  2023    188       0  rtu188                 0.342       1.693       0.202       1.496       0.439       0.794       0.000       0.626       0.000       6.977       0.000       0.000
    365    12    31  2023    189       0  rtu189                 1.434       6.892       0.819       3.253       0.879       1.763       0.000       2.596       0.000       7.325       0.000       0.000
    365    12    31  2023    190       0  rtu190                 0.155       0.872       0.092       1.229       1.959       0.249       0.000       0.268       0.000      23.031       0.000       0.000
    365    12    31  2023    191       0  rtu191                 4.149      17.188       2.038       7.335       1.496       2.402       0.000       6.830       0.000       8.109       0.000       0.000
    365    12    31  2023    192       0  rtu192                 3.522      15.035       1.796       7.905       1.726       2.177       0.000       6.156       0.000       7.552       0.000       0.000
    365    12    31  2023    193       0  rtu193                 0.003       0.015       0.002       0.067       0.008       0.045       0.000       0.005       0.000      26.391       0.000       0.000
    365    12    31  2023    194       0  rtu194                 0.236       1.167       0.129       0.443       0.775       0.375       0.000       0.393       0.000      23.750       0.000       0.000
    365    12    31  2023    195       0  rtu195                 0.079       0.411       0.048       1.190       0.120       0.242       0.000       0.163       0.000       9.875       0.000       0.000
    365    12    31  2023    196       0  rtu196                 0.329       1.581       0.186       3.370       1.100       0.518       0.000       0.583       0.000       6.553       0.000       0.000
    365    12    31  2023    197       0  rtu197                 0.001       0.056       0.007       0.027       1.494       0.008       0.000       0.002       0.000      19.329       0.000       0.000
    365    12    31  2023    198       0  rtu198                 0.002       0.008       0.001       0.501       0.079       0.008       0.000       0.004       0.000      15.771       0.000       0.000
    365    12    31  2023    199       0  rtu199                 0.482       2.537       0.299       1.322       0.174       1.204       0.000       1.006       0.000      11.238       0.000       0.000
    365    12    31  2023    200       0  rtu200                 0.140       0.748       0.087       1.059       0.125       0.430       0.000       0.293       0.000       9.932       0.000       0.000
    365    12    31  2023    201       0  rtu201                 0.006       0.022       0.003       0.012       1.003       0.010       0.000       0.013       0.000      18.157       0.000       0.000
    365    12    31  2023    202       0  rtu202                 0.419       2.027       0.235       1.012       7.502       0.233       0.000       0.658       0.000       5.672       0.000       0.000
    365    12    31  2023    203       0  rtu203                 0.004       0.013       0.002       0.799       0.169       0.011       0.000       0.007       0.000      15.064       0.000       0.000
    365    12    31  2023    204       0  rtu204                 0.508       2.438       0.283       3.260       1.435       0.451       0.000       0.825       0.000       6.907       0.000       0.000
    365    12    31  2023    205       0  rtu205                 0.038       0.190       0.022       0.289       3.612       0.131       0.000       0.074       0.000      21.689       0.000       0.000
    365    12    31  2023    206       0  rtu206                 0.004       0.018       0.002       0.057       0.021       0.031       0.000       0.007       0.000      28.668       0.000       0.000
    365    12    31  2023    207       0  rtu207                 0.017       0.083       0.012       0.022       0.600       0.091       0.000       0.050       0.000      18.912       0.000       0.000
    365    12    31  2023    208       0  rtu208                 0.010       0.066       0.008       0.070       0.043       0.038       0.000       0.022       0.000      18.321       0.000       0.000
    365    12    31  2023    209       0  rtu209                 0.037       0.183       0.021       0.103       0.020       0.055       0.000       0.059       0.000      28.430       0.000       0.000
    365    12    31  2023    210       0  rtu210                 0.040       0.197       0.023       0.148       0.021       0.032       0.000       0.067       0.000      28.091       0.000       0.000
    365    12    31  2023    211       0  rtu211                 0.058       0.286       0.035       0.149       0.007       0.106       0.000       0.099       0.000      23.206       0.000       0.000
    365    12    31  2023    212       0  rtu212                 0.005       0.029       0.003       0.158       0.097       0.025       0.000       0.009       0.000      18.979       0.000       0.000
    365    12    31  2023    213       0  rtu213                 0.082       0.420       0.050       1.125       0.092       0.243       0.000       0.166       0.000       9.800       0.000       0.000
    365    12    31  2023    214       0  rtu214                 0.010       0.049       0.006       0.103       0.013       0.021       0.000       0.017       0.000      19.446       0.000       0.000
    365    12    31  2023    215       0  rtu215                 0.007       0.034       0.004       0.107       0.011       0.020       0.000       0.012       0.000      19.381       0.000       0.000
    365    12    31  2023    216       0  rtu216                 0.018       0.097       0.012       0.055       0.080       0.038       0.000       0.038       0.000      19.635       0.000       0.000
    365    12    31  2023    217       0  rtu217                 0.031       0.148       0.018       0.097       0.018       0.045       0.000       0.049       0.000      19.716       0.000       0.000
    365    12    31  2023    218       0  rtu218                 0.084       0.438       0.050       1.100       0.552       0.131       0.000       0.153       0.000      16.209       0.000       0.000
    365    12    31  2023    219       0  rtu219                 0.011       0.051       0.006       0.108       0.008       0.028       0.000       0.019       0.000      19.722       0.000       0.000
    365    12    31  2023    220       0  rtu220                 0.122       0.644       0.077       1.362       0.076       0.459       0.000       0.274       0.000       9.771       0.000       0.000
    365    12    31  2023    221       0  rtu221                 0.000       0.010       0.001       0.699       0.370       0.022       0.000       0.000       0.000      25.483       0.000       0.000
    365    12    31  2023    222       0  rtu222                 0.174       0.811       0.094       0.923       0.013       0.371       0.000       0.314       0.000      21.284       0.000       0.000
    365    12    31  2023    223       0  rtu223                 0.017       0.138       0.024       0.071       0.114       0.138       0.000       0.075       0.000      24.103       0.000       0.000
    365    12    31  2023    224       0  rtu224                 0.004       0.027       0.005       0.019       0.730       0.030       0.000       0.017       0.000      17.836       0.000       0.000
    365    12    31  2023    225       0  rtu225                 0.081       0.414       0.054       0.062       0.645       0.131       0.000       0.186       0.000      22.833       0.000       0.000
    365    12    31  2023    226       0  rtu226                 0.847       4.543       0.626       6.613       6.435       1.310       0.000       2.109       0.000       6.538       0.000       0.000
    365    12    31  2023    227       0  rtu227                 0.071       0.335       0.041       0.090       0.137       0.088       0.000       0.130       0.000      21.045       0.000       0.000
    365    12    31  2023    228       0  rtu228                 0.027       0.193       0.032       0.057       0.095       0.116       0.000       0.101       0.000      23.395       0.000       0.000
    365    12    31  2023    229       0  rtu229                 0.003       0.009       0.001       0.014       0.404       0.008       0.000       0.005       0.000      18.128       0.000       0.000
    365    12    31  2023    230       0  rtu230                 0.010       0.047       0.006       1.153       0.045       0.047       0.000       0.019       0.000      17.151       0.000       0.000
    365    12    31  2023    231       0  rtu231                 0.065       0.507       0.082       0.084       0.096       0.274       0.000       0.259       0.000      23.690       0.000       0.000
    365    12    31  2023    232       0  rtu232                 0.002       0.007       0.001       0.013       0.096       0.005       0.000       0.003       0.000      14.048       0.000       0.000
    365    12    31  2023    233       0  rtu233                 0.002       0.006       0.001       0.013       0.078       0.005       0.000       0.003       0.000      13.880       0.000       0.000
    365    12    31  2023    234       0  rtu234                 0.004       0.017       0.002       0.014       1.652       0.010       0.000       0.009       0.000      17.491       0.000       0.000
    365    12    31  2023    235       0  rtu235                 0.933       4.330       0.518       4.297       1.478       0.797       0.000       1.675       0.000       6.563       0.000       0.000
    365    12    31  2023    236       0  rtu236                 0.407       1.916       0.235       2.577       1.063       0.484       0.000       0.771       0.000       5.963       0.000       0.000
    365    12    31  2023    237       0  rtu237                 0.004       0.026       0.005       0.016       0.718       0.030       0.000       0.017       0.000      17.629       0.000       0.000
    365    12    31  2023    238       0  rtu238                 0.229       1.136       0.134       2.050       0.696       0.571       0.000       0.466       0.000       5.664       0.000       0.000
    365    12    31  2023    239       0  rtu239                 0.000       0.001       0.000       0.018       0.045       0.008       0.000       0.000       0.000      19.818       0.000       0.000
    365    12    31  2023    240       0  rtu240                 0.005       0.049       0.005       0.035       8.242       0.040       0.000       0.013       0.000      15.366       0.000       0.000
    365    12    31  2023    241       0  rtu241                 0.000       0.002       0.000       0.011       0.238       0.015       0.000       0.001       0.000      20.697       0.000       0.000
    365    12    31  2023    242       0  rtu242                 0.000       0.001       0.000       0.006       0.115       0.009       0.000       0.000       0.000      19.463       0.000       0.000
    365    12    31  2023    243       0  rtu243                 0.000       0.000       0.000       0.005       0.033       0.001       0.000       0.000       0.000      19.371       0.000       0.000
    365    12    31  2023    244       0  rtu244                 0.000       0.000       0.000       0.000       0.141       0.002       0.000       0.000       0.000      18.588       0.000       0.000
    365    12    31  2023    245       0  rtu245                 0.000       0.000       0.000       0.000       0.306       0.002       0.000       0.000       0.000      18.438       0.000       0.000
    365    12    31  2023    246       0  rtu246                 0.644       3.131       0.357       0.994       0.068       0.618       0.000       1.053       0.000       8.776       0.000       0.000
    365    12    31  2023    247       0  rtu247                 0.967       6.449       0.988       5.148      10.870       2.227       0.000       3.158       0.000       7.660       0.000       0.000
    365    12    31  2023    248       0  rtu248                 0.103       0.745       0.111       1.425       0.274       0.809       0.000       0.359       0.000      10.454       0.000       0.000
    365    12    31  2023    249       0  rtu249                 0.090       0.618       0.092       0.863       0.246       0.688       0.000       0.298       0.000      10.420       0.000       0.000
    365    12    31  2023    250       0  rtu250                 0.297       1.836       0.268       4.783       4.480       1.468       0.000       0.879       0.000       7.678       0.000       0.000
    365    12    31  2023    251       0  rtu251                 0.000       0.004       0.000       0.043       0.291       0.036       0.000       0.001       0.000      21.238       0.000       0.000
    365    12    31  2023    252       0  rtu252                 0.039       0.504       0.054       1.562       0.142       2.072       0.000       0.121       0.000      44.383       0.000       0.000
    365    12    31  2023    253       0  rtu253                 0.000       0.003       0.000       0.008       0.218       0.016       0.000       0.001       0.000      18.753       0.000       0.000
    365    12    31  2023    254       0  rtu254                 0.000       0.003       0.000       0.010       0.298       0.020       0.000       0.001       0.000      19.225       0.000       0.000
    365    12    31  2023    255       0  rtu255                 0.000       0.000       0.000       0.000       0.169       0.002       0.000       0.000       0.000      18.561       0.000       0.000
    365    12    31  2023    256       0  rtu256                 0.042       0.281       0.026       0.986       0.556       0.403       0.000       0.087       0.000       8.020       0.000       0.000
    365    12    31  2023    257       0  rtu257                 0.000       0.000       0.000       0.000       0.222       0.002       0.000       0.000       0.000      18.506       0.000       0.000
    365    12    31  2023    258       0  rtu258                 0.000       0.000       0.000       0.001       0.158       0.003       0.000       0.000       0.000      18.812       0.000       0.000
    365    12    31  2023    259       0  rtu259                 0.038       0.269       0.025       0.989       0.542       0.404       0.000       0.083       0.000       8.030       0.000       0.000
    365    12    31  2023    260       0  rtu260                 0.058       0.465       0.044       1.371       0.775       0.669       0.000       0.142       0.000       8.627       0.000       0.000
    365    12    31  2023    261       0  rtu261                 0.043       0.360       0.034       0.972       0.664       0.401       0.000       0.111       0.000       7.983       0.000       0.000
    365    12    31  2023    262       0  rtu262                 0.000       0.000       0.000       0.000       0.261       0.002       0.000       0.000       0.000      18.466       0.000       0.000
    365    12    31  2023    263       0  rtu263                 0.117       0.814       0.077       1.376       1.182       0.668       0.000       0.249       0.000       8.562       0.000       0.000
    365    12    31  2023    264       0  rtu264                 0.001       0.011       0.001       0.091       0.106       0.153       0.000       0.003       0.000      20.124       0.000       0.000
    365    12    31  2023    265       0  rtu265                 0.001       0.011       0.001       0.037       7.428       0.016       0.000       0.003       0.000      16.560       0.000       0.000
    365    12    31  2023    266       0  rtu266                 0.000       0.000       0.000       0.000       0.314       0.002       0.000       0.000       0.000      18.414       0.000       0.000
    365    12    31  2023    267       0  rtu267                 0.000       0.000       0.000       0.000       0.185       0.002       0.000       0.000       0.000      18.543       0.000       0.000
    365    12    31  2023    268       0  rtu268                 0.001       0.018       0.002       0.099       0.373       0.090       0.000       0.005       0.000      27.303       0.000       0.000
    365    12    31  2023    269       0  rtu269                 0.002       0.025       0.003       0.127       0.426       0.112       0.000       0.007       0.000      28.270       0.000       0.000
    365    12    31  2023    270       0  rtu270                 0.000       0.004       0.000       0.015       6.981       0.007       0.000       0.001       0.000      14.326       0.000       0.000
    365    12    31  2023    271       0  rtu271                 0.000       0.001       0.000       0.053       0.027       0.017       0.000       0.001       0.000      22.883       0.000       0.000
    365    12    31  2023    272       0  rtu272                 0.001       0.010       0.001       0.171       0.715       0.074       0.000       0.004       0.000      25.334       0.000       0.000
    365    12    31  2023    273       0  rtu273                 0.000       0.001       0.000       0.011       0.022       0.008       0.000       0.000       0.000      21.469       0.000       0.000
    365    12    31  2023    274       0  rtu274                 0.997       6.518       0.989       6.181       7.529       3.105       0.000       3.188       0.000       7.596       0.000       0.000
    365    12    31  2023    275       0  rtu275                 0.382       2.508       0.375       5.314       5.693       1.861       0.000       1.217       0.000       7.654       0.000       0.000
    365    12    31  2023    276       0  rtu276                 0.272       1.723       0.252       4.654       4.600       1.559       0.000       0.822       0.000       7.694       0.000       0.000
    365    12    31  2023    277       0  rtu277                 0.482       3.000       0.436       7.532       5.384       2.233       0.000       1.434       0.000       7.960       0.000       0.000
    365    12    31  2023    278       0  rtu278                 0.000       0.000       0.000       0.000       0.236       0.000       0.000       0.000      10.362       1.481      11.184       0.000
    365    12    31  2023    279       0  rtu279                 0.000       0.000       0.000       0.001       0.039       0.001       0.000       0.000       5.629       3.629       8.003       0.000
    365    12    31  2023    280       0  rtu280                 0.000       0.000       0.000       0.001       0.033       0.001       0.000       0.000       5.629       3.629       8.001       0.000
    365    12    31  2023    281       0  rtu281                 0.026       0.185       0.021       0.142       0.123       0.098       0.000       0.050       4.549       1.972      17.365       0.000
    365    12    31  2023    282       0  rtu282                 0.017       0.981       0.118       0.166       5.625       0.103       0.000       0.030      89.424       2.950      17.422       0.000
    365    12    31  2023    283       0  rtu283                 0.001       0.000       0.000       9.296       0.000       1.392       0.000       0.110       0.000       0.000       0.000       0.000
    365    12    31  2023    284       0  rtu284                 0.000       0.000       0.000       9.454       0.000       1.323       0.000       0.000       0.000       0.000       0.000       0.000
    365    12    31  2023    285       0  rtu285                 0.001       0.000       0.000       9.417       0.000       1.341       0.000       0.000       0.000       0.000       0.000       0.000
    365    12    31  2023    286       0  rtu286                 0.001       0.000       0.000       9.416       0.000       1.368       0.000       0.000       0.000       0.000       0.000       0.000
    365    12    31  2023    287       0  rtu287                 0.001       0.000       0.000       9.290       0.000       1.384       0.000       0.000       0.000       0.000       0.000       0.000
    365    12    31  2023    288       0  rtu288                 0.004       0.029       0.004       0.014       0.764       0.010       0.000       0.008      22.068       1.976      11.801       0.000
    365    12    31  2023    289       0  rtu289                 0.007       0.070       0.009       0.035       0.405       0.030       0.000       0.020      22.665       2.060      14.391       0.000
    365    12    31  2023    290       0  rtu290                 0.000       0.000       0.000       0.000       0.250       0.000       0.000       0.000      11.447       3.655       8.318       0.000
    365    12    31  2023    291       0  rtu291                 0.002       0.007       0.001       0.008       0.068       0.003       0.000       0.003      14.410       4.811      24.993       0.000
    365    12    31  2023    292       0  rtu292                 0.000       0.000       0.000       0.000       6.154       0.000       0.000       0.000     105.021       2.878      10.635       0.000
    365    12    31  2023    293       0  rtu293                 0.000       0.000       0.000       0.000       4.429       0.000       0.000       0.000     106.531       2.879      10.676       0.000
    365    12    31  2023    294       0  rtu294                 3.611      15.861       1.695       0.873       0.013       1.691       0.000       5.142      58.796       1.254      44.188       0.000
    365    12    31  2023    295       0  rtu295                 6.231      25.598       2.931       0.647       0.034       0.921       0.000       8.197      38.395       1.007      31.258       0.000
    365    12    31  2023    296       0  rtu296                 0.002       0.016       0.002       0.029       0.298       0.006       0.000       0.004      30.868       0.861      11.847       0.000
    365    12    31  2023    297       0  rtu297                 0.029       0.100       0.011       0.095       0.075       0.083       0.000       0.049      10.215       2.376      10.482       0.000
    365    12    31  2023    298       0  rtu298                 0.000       0.003       0.000       0.086       0.412       0.005       0.000       0.001      40.064       0.839      13.160       0.000
    365    12    31  2023    299       0  rtu299                 0.000       0.000       0.000       0.000       6.072       0.000       0.000       0.000     106.335       2.980      11.532       0.000
    365    12    31  2023    300       0  rtu300                 0.000       0.001       0.000       0.013       0.163       0.010       0.000       0.001     142.023       0.120      18.147       0.000
    365    12    31  2023    301       0  rtu301                 0.000       0.015       0.002       0.036       0.489       0.005       0.000       0.000      40.696       1.169      10.440       0.000
    365    12    31  2023    302       0  rtu302                 0.000       0.000       0.000       0.000       5.462       0.000       0.000       0.000     105.772       2.878      10.705       0.000
    365    12    31  2023    303       0  rtu303                 0.012       0.694       0.083       0.082       3.370       0.116       0.000       0.024      72.895       2.498      11.379       0.000
    365    12    31  2023    304       0  rtu304                 0.000       0.000       0.000       0.003       0.260       0.002       0.000       0.000      10.127       1.461      10.878       0.000
    365    12    31  2023    305       0  rtu305                 0.000       0.000       0.000       0.077       0.001       0.012       0.000       0.000       4.811       0.967      10.213       0.000
    365    12    31  2023    306       0  rtu306                 0.003       0.040       0.004       0.312       0.202       1.410       0.000       0.010      18.278       2.131      22.552       0.000
    365    12    31  2023    307       0  rtu307                 0.001       0.005       0.000       0.087       0.002       0.101       0.000       0.003       5.881       0.984      11.912       0.000
    365    12    31  2023    308       0  rtu308                 0.002       0.009       0.001       0.084       0.002       0.151       0.000       0.005       7.589       1.029      17.550       0.000
    365    12    31  2023    309       0  rtu309                 0.000       0.000       0.000       0.000       0.121       0.000       0.000       0.000      10.228       1.472      10.972       0.000
    365    12    31  2023    310       0  rtu310                 0.003       0.028       0.003       0.152       0.007       0.085       0.000       0.009      11.427       1.093      17.287       0.000
    365    12    31  2023    311       0  rtu311                 0.000       0.005       0.001       0.094       0.190       0.043       0.000       0.001      11.379       1.567      12.492       0.000
    365    12    31  2023    312       0  rtu312                 0.000       0.001       0.000       0.077       0.002       0.012       0.000       0.000       4.810       0.967      10.211       0.000
    365    12    31  2023    313       0  rtu313                 0.000       0.000       0.000       0.000       0.376       0.000       0.000       0.000       9.995       1.447      10.730       0.000
    365    12    31  2023    314       0  rtu314                 0.023       0.120       0.016       0.065       0.015       0.054       0.000       0.054     121.387       0.041      13.056       0.000
