 Mini_CREATE               SWAT+ Jan 11 2024        MODULAR Rev 2024.61.0                                 
       year     plant_no   plant_name       harv_area(ha)    yld(t)         yld(t/ha)      
        2023           1 frsd              0.0000000E+00  0.0000000E+00  0.0000000E+00
        2023           2 frse              0.0000000E+00  0.0000000E+00  0.0000000E+00
        2023           3 frst              0.0000000E+00  0.0000000E+00  0.0000000E+00
        2023           4 orcd               2.072764      0.6837741      0.3298852    
        2023           5 rnge               17.39976      0.0000000E+00  0.0000000E+00
        2023           6 wetl              0.0000000E+00  0.0000000E+00  0.0000000E+00
        2023           7 lupn               147.9878       133.8491      0.9044604    
        2023           8 oats               152.7570       447.2235       2.927680    
        2023           9 fesc               275.6909       237.9200      0.8629954    
        2023          10 barl               86.74461       348.5710       4.018359    
        2023          11 fpea               64.33395       278.9910       4.336607    
        2023          12 pota               215.9353       1439.516       6.666422    
        2023          13 buck               19.62932       27.12251       1.381735    
        2023          14 wwht               236.4173       532.8083       2.253677    
        2023          15 canp               243.7088       1039.132       4.263827    
        2023          16 rye                99.12971       430.0099       4.337851    
        2023          17 trit               129.7862       640.0727       4.931746    
        2023          18 csil               17.47378       151.6830       8.680606    
        2023          19 lmix              0.0000000E+00  0.0000000E+00  0.0000000E+00
