 Mini_CREATE               SWAT+ Jan 11 2024        MODULAR Rev 2024.61.0                                 
       year     plant_no   plant_name       harv_area(ha)    yld(t)         yld(t/ha)      
        2004           1 frsd              0.0000000E+00  0.0000000E+00  0.0000000E+00
        2004           2 frse              0.0000000E+00  0.0000000E+00  0.0000000E+00
        2004           3 frst              0.0000000E+00  0.0000000E+00  0.0000000E+00
        2004           4 orcd               1.975940      5.0435465E-02  2.5524784E-02
        2004           5 rnge               16.58698      0.0000000E+00  0.0000000E+00
        2004           6 wetl              0.0000000E+00  0.0000000E+00  0.0000000E+00
        2004           7 lupn               61.88545       61.38145      0.9918559    
        2004           8 oats               259.5273       880.2556       3.391765    
        2004           9 fesc               104.4843       220.7763       2.113008    
        2004          10 barl               45.86216       160.9932       3.510372    
        2004          11 fpea               27.80220       101.3499       3.645389    
        2004          12 pota               271.1597       1756.658       6.478316    
        2004          13 buck               33.53731       62.81631       1.873028    
        2004          14 wwht               44.79409       89.16465       1.990545    
        2004          15 canp               324.5222       1229.808       3.789597    
        2004          16 rye                153.3569       971.4084       6.334298    
        2004          17 trit               197.7336       1609.014       8.137280    
        2004          18 csil               7.664720       63.85061       8.330454    
        2004          19 lmix              0.0000000E+00  0.0000000E+00  0.0000000E+00
        2005           1 frsd              0.0000000E+00  0.0000000E+00  0.0000000E+00
        2005           2 frse              0.0000000E+00  0.0000000E+00  0.0000000E+00
        2005           3 frst              0.0000000E+00  0.0000000E+00  0.0000000E+00
        2005           4 orcd               1.975940      0.2319191      0.1173715    
        2005           5 rnge               16.58698      0.0000000E+00  0.0000000E+00
        2005           6 wetl              0.0000000E+00  0.0000000E+00  0.0000000E+00
        2005           7 lupn               166.7163       192.7747       1.156304    
        2005           8 oats               74.50557       204.2986       2.742058    
        2005           9 fesc               46.77908       50.19473       1.073017    
        2005          10 barl               36.47241       128.7354       3.529666    
        2005          11 fpea               85.49305       394.2047       4.610956    
        2005          12 pota               256.7287       1341.358       5.224809    
        2005          13 buck               8.182180       8.647855       1.056913    
        2005          14 wwht               406.5341       525.6255       1.292943    
        2005          15 canp               59.04479       279.4724       4.733227    
        2005          16 rye                111.4482       454.1613       4.075089    
        2005          17 trit               215.2103       957.7247       4.450181    
        2005          18 csil               31.12765       264.9581       8.511984    
        2005          19 lmix              0.0000000E+00  0.0000000E+00  0.0000000E+00
        2006           1 frsd              0.0000000E+00  0.0000000E+00  0.0000000E+00
        2006           2 frse              0.0000000E+00  0.0000000E+00  0.0000000E+00
        2006           3 frst              0.0000000E+00  0.0000000E+00  0.0000000E+00
        2006           4 orcd               1.975940      0.3844418      0.1945614    
        2006           5 rnge               16.58698      0.0000000E+00  0.0000000E+00
        2006           6 wetl              0.0000000E+00  0.0000000E+00  0.0000000E+00
        2006           7 lupn               171.8835       142.3345      0.8280873    
        2006           8 oats               96.43266       263.9180       2.736811    
        2006           9 fesc               177.3067       228.5769       1.289161    
        2006          10 barl               122.1565       499.3229       4.087566    
        2006          11 fpea               73.09444       352.0334       4.816145    
        2006          12 pota               108.4921       408.3747       3.764097    
        2006          13 buck               24.60551       34.65998       1.408626    
        2006          14 wwht               186.2945       113.2173      0.6077333    
        2006          15 canp               405.8141       2202.017       5.426172    
        2006          16 rye                100.6520       475.8250       4.727427    
        2006          17 trit               87.42445       318.1703       3.639374    
        2006          18 csil               10.46578       85.63091       8.181990    
        2006          19 lmix              0.0000000E+00  0.0000000E+00  0.0000000E+00
        2007           1 frsd              0.0000000E+00  0.0000000E+00  0.0000000E+00
        2007           2 frse              0.0000000E+00  0.0000000E+00  0.0000000E+00
        2007           3 frst              0.0000000E+00  0.0000000E+00  0.0000000E+00
        2007           4 orcd               1.975940      0.5214094      0.2638790    
        2007           5 rnge               16.58698      0.0000000E+00  0.0000000E+00
        2007           6 wetl              0.0000000E+00  0.0000000E+00  0.0000000E+00
        2007           7 lupn               197.4042       142.3691      0.7212059    
        2007           8 oats               158.5017       427.6489       2.698071    
        2007           9 fesc               441.6586       228.4997      0.5173672    
        2007          10 barl               154.4239       650.2928       4.211090    
        2007          11 fpea               5.198920      0.1140185      2.1931192E-02
        2007          12 pota               260.0756       1821.577       7.004028    
        2007          13 buck               9.106939       12.98996       1.426380    
        2007          14 wwht               67.65368       262.5011       3.880072    
        2007          15 canp               298.7375       1055.783       3.534150    
        2007          16 rye                68.76181       286.0696       4.160298    
        2007          17 trit               30.39439       153.3732       5.046100    
        2007          18 csil               10.04036       88.31570       8.796068    
        2007          19 lmix              0.0000000E+00  0.0000000E+00  0.0000000E+00
        2008           1 frsd              0.0000000E+00  0.0000000E+00  0.0000000E+00
        2008           2 frse              0.0000000E+00  0.0000000E+00  0.0000000E+00
        2008           3 frst              0.0000000E+00  0.0000000E+00  0.0000000E+00
        2008           4 orcd               1.975940      0.5997509      0.3035268    
        2008           5 rnge               16.58698      0.0000000E+00  0.0000000E+00
        2008           6 wetl              0.0000000E+00  0.0000000E+00  0.0000000E+00
        2008           7 lupn               107.4853       114.3347       1.063724    
        2008           8 oats               138.7575       449.4697       3.239247    
        2008           9 fesc               543.8348       461.3271      0.8482853    
        2008          10 barl               54.54786       200.8586       3.682245    
        2008          11 fpea               115.0552       580.6399       5.046622    
        2008          12 pota               132.7863       1142.960       8.607514    
        2008          13 buck               18.13002       20.42322       1.126486    
        2008          14 wwht               421.5923       985.9381       2.338605    
        2008          15 canp               73.50423       289.2697       3.935416    
        2008          16 rye                38.27672       159.6146       4.170016    
        2008          17 trit               87.85532       431.4372       4.910769    
        2008          18 csil               24.37108       230.2487       9.447618    
        2008          19 lmix              0.0000000E+00  0.0000000E+00  0.0000000E+00
        2009           1 frsd              0.0000000E+00  0.0000000E+00  0.0000000E+00
        2009           2 frse              0.0000000E+00  0.0000000E+00  0.0000000E+00
        2009           3 frst              0.0000000E+00  0.0000000E+00  0.0000000E+00
        2009           4 orcd               1.975940      0.7025300      0.3555420    
        2009           5 rnge               16.58698      0.0000000E+00  0.0000000E+00
        2009           6 wetl              0.0000000E+00  0.0000000E+00  0.0000000E+00
        2009           7 lupn               61.88545       51.53633      0.8327698    
        2009           8 oats               261.0549       800.3613       3.065873    
        2009           9 fesc               104.4843       59.08502      0.5654916    
        2009          10 barl               45.86216       179.5602       3.915214    
        2009          11 fpea               27.80220       127.7181       4.593811    
        2009          12 pota               271.1597       1945.446       7.174539    
        2009          13 buck               33.53731       41.09135       1.225243    
        2009          14 wwht               44.79409       126.5222       2.824528    
        2009          15 canp               324.5222       1699.798       5.237850    
        2009          16 rye                153.3569       624.3185       4.071016    
        2009          17 trit               197.7336       962.0795       4.865533    
        2009          18 csil               6.137110       55.21309       8.996592    
        2009          19 lmix              0.0000000E+00  0.0000000E+00  0.0000000E+00
        2010           1 frsd              0.0000000E+00  0.0000000E+00  0.0000000E+00
        2010           2 frse              0.0000000E+00  0.0000000E+00  0.0000000E+00
        2010           3 frst              0.0000000E+00  0.0000000E+00  0.0000000E+00
        2010           4 orcd               1.975940      0.7425335      0.3757873    
        2010           5 rnge               16.58698      0.0000000E+00  0.0000000E+00
        2010           6 wetl              0.0000000E+00  0.0000000E+00  0.0000000E+00
        2010           7 lupn               166.7163       183.9173       1.103176    
        2010           8 oats               72.97796       199.5032       2.733746    
        2010           9 fesc               46.77908       61.43466       1.313294    
        2010          10 barl               36.47241       123.3002       3.380643    
        2010          11 fpea               85.49306       426.5496       4.989290    
        2010          12 pota               256.7286       1439.207       5.605945    
        2010          13 buck               8.182180       9.300749       1.136708    
        2010          14 wwht               406.5341       697.8047       1.716473    
        2010          15 canp               59.04479       273.3217       4.629056    
        2010          16 rye                111.4482       382.4843       3.431947    
        2010          17 trit               215.2103       1093.112       5.079273    
        2010          18 csil               32.65526       224.6664       6.879945    
        2010          19 lmix              0.0000000E+00  0.0000000E+00  0.0000000E+00
        2011           1 frsd              0.0000000E+00  0.0000000E+00  0.0000000E+00
        2011           2 frse              0.0000000E+00  0.0000000E+00  0.0000000E+00
        2011           3 frst              0.0000000E+00  0.0000000E+00  0.0000000E+00
        2011           4 orcd               1.975940      0.8392308      0.4247246    
        2011           5 rnge               16.58698      0.0000000E+00  0.0000000E+00
        2011           6 wetl              0.0000000E+00  0.0000000E+00  0.0000000E+00
        2011           7 lupn               171.8834       175.3306       1.020056    
        2011           8 oats               96.43268       292.6420       3.034677    
        2011           9 fesc               177.3067       195.3695       1.101873    
        2011          10 barl               122.1565       498.4451       4.080380    
        2011          11 fpea               73.09444       385.6325       5.275812    
        2011          12 pota               108.4921       906.2820       8.353439    
        2011          13 buck               24.60551       31.53472       1.281612    
        2011          14 wwht               186.2945       482.8110       2.591655    
        2011          15 canp               405.8141       1704.514       4.200233    
        2011          16 rye                100.6520       401.6844       3.990824    
        2011          17 trit               87.42445       389.7917       4.458611    
        2011          18 csil               10.46578       95.39291       9.114743    
        2011          19 lmix              0.0000000E+00  0.0000000E+00  0.0000000E+00
        2012           1 frsd              0.0000000E+00  0.0000000E+00  0.0000000E+00
        2012           2 frse              0.0000000E+00  0.0000000E+00  0.0000000E+00
        2012           3 frst              0.0000000E+00  0.0000000E+00  0.0000000E+00
        2012           4 orcd               1.975940      0.8828999      0.4468250    
        2012           5 rnge               16.58698      0.0000000E+00  0.0000000E+00
        2012           6 wetl              0.0000000E+00  0.0000000E+00  0.0000000E+00
        2012           7 lupn               197.4043       157.5327      0.7980207    
        2012           8 oats               160.0293       483.1214       3.018955    
        2012           9 fesc               441.6586       285.6147      0.6466867    
        2012          10 barl               154.4239       664.8106       4.305102    
        2012          11 fpea               5.198920      0.4637272      8.9196816E-02
        2012          12 pota               260.0756       2080.353       7.999033    
        2012          13 buck               9.106939       14.01757       1.539218    
        2012          14 wwht               67.65368       167.9097       2.481901    
        2012          15 canp               298.7375       1485.034       4.971031    
        2012          16 rye                68.76181       281.2905       4.090795    
        2012          17 trit               30.39439       152.5366       5.018576    
        2012          18 csil               8.512751       78.47018       9.217957    
        2012          19 lmix              0.0000000E+00  0.0000000E+00  0.0000000E+00
        2013           1 frsd              0.0000000E+00  0.0000000E+00  0.0000000E+00
        2013           2 frse              0.0000000E+00  0.0000000E+00  0.0000000E+00
        2013           3 frst              0.0000000E+00  0.0000000E+00  0.0000000E+00
        2013           4 orcd               1.975940      0.9475273      0.4795322    
        2013           5 rnge               16.58698      0.0000000E+00  0.0000000E+00
        2013           6 wetl              0.0000000E+00  0.0000000E+00  0.0000000E+00
        2013           7 lupn               107.4853       97.60835      0.9081091    
        2013           8 oats               137.2298       442.3141       3.223163    
        2013           9 fesc               543.8348       454.6224      0.8359568    
        2013          10 barl               54.54786       230.2415       4.220908    
        2013          11 fpea               115.0552       450.8195       3.918290    
        2013          12 pota               132.7863       896.4066       6.750746    
        2013          13 buck               18.13002       22.48952       1.240458    
        2013          14 wwht               421.5923       704.4304       1.670881    
        2013          15 canp               73.50422       380.8265       5.181015    
        2013          16 rye                38.27672       165.1781       4.315368    
        2013          17 trit               87.85533       433.3263       4.932271    
        2013          18 csil               25.89869       260.9914       10.07740    
        2013          19 lmix              0.0000000E+00  0.0000000E+00  0.0000000E+00
        2014           1 frsd              0.0000000E+00  0.0000000E+00  0.0000000E+00
        2014           2 frse              0.0000000E+00  0.0000000E+00  0.0000000E+00
        2014           3 frst              0.0000000E+00  0.0000000E+00  0.0000000E+00
        2014           4 orcd               1.975940      0.9883684      0.5002014    
        2014           5 rnge               16.58698      0.0000000E+00  0.0000000E+00
        2014           6 wetl              0.0000000E+00  0.0000000E+00  0.0000000E+00
        2014           7 lupn               61.88545       59.04515      0.9541039    
        2014           8 oats               261.0549       678.7151       2.599894    
        2014           9 fesc               104.4843       68.55048      0.6560837    
        2014          10 barl               45.86216       222.3357       4.847911    
        2014          11 fpea               27.80220       161.6850       5.815547    
        2014          12 pota               271.1597       1648.721       6.080258    
        2014          13 buck               33.53731       41.12271       1.226178    
        2014          14 wwht               44.79409       149.7078       3.342133    
        2014          15 canp               324.5222       1525.129       4.699613    
        2014          16 rye                153.3569       677.9818       4.420940    
        2014          17 trit               197.7336       912.9681       4.617162    
        2014          18 csil               6.137110       58.44973       9.523981    
        2014          19 lmix              0.0000000E+00  0.0000000E+00  0.0000000E+00
        2015           1 frsd              0.0000000E+00  0.0000000E+00  0.0000000E+00
        2015           2 frse              0.0000000E+00  0.0000000E+00  0.0000000E+00
        2015           3 frst              0.0000000E+00  0.0000000E+00  0.0000000E+00
        2015           4 orcd               1.975940       1.013992      0.5131691    
        2015           5 rnge               16.58698      0.0000000E+00  0.0000000E+00
        2015           6 wetl              0.0000000E+00  0.0000000E+00  0.0000000E+00
        2015           7 lupn               166.7163       180.1952       1.080849    
        2015           8 oats               74.50558       217.3575       2.917332    
        2015           9 fesc               46.77908       51.56260       1.102258    
        2015          10 barl               36.47241       138.4342       3.795585    
        2015          11 fpea               85.49305       356.6078       4.171190    
        2015          12 pota               256.7287       2004.543       7.808020    
        2015          13 buck               8.182180       10.01345       1.223812    
        2015          14 wwht               406.5341       978.5540       2.407065    
        2015          15 canp               59.04478       342.1849       5.795346    
        2015          16 rye                111.4482       427.5876       3.836649    
        2015          17 trit               215.2103       1199.818       5.575096    
        2015          18 csil               31.12765       208.7654       6.706751    
        2015          19 lmix              0.0000000E+00  0.0000000E+00  0.0000000E+00
        2016           1 frsd              0.0000000E+00  0.0000000E+00  0.0000000E+00
        2016           2 frse              0.0000000E+00  0.0000000E+00  0.0000000E+00
        2016           3 frst              0.0000000E+00  0.0000000E+00  0.0000000E+00
        2016           4 orcd               1.975940       1.035148      0.5238761    
        2016           5 rnge               16.58698      0.0000000E+00  0.0000000E+00
        2016           6 wetl              0.0000000E+00  0.0000000E+00  0.0000000E+00
        2016           7 lupn               171.8835       154.7034      0.9000481    
        2016           8 oats               94.90506       281.9725       2.971101    
        2016           9 fesc               177.3067       243.2876       1.372129    
        2016          10 barl               122.1565       497.5835       4.073328    
        2016          11 fpea               73.09443       393.7150       5.386388    
        2016          12 pota               108.4921       902.6820       8.320257    
        2016          13 buck               24.60551       38.11138       1.548896    
        2016          14 wwht               186.2945       631.3485       3.388982    
        2016          15 canp               405.8141       2004.626       4.939765    
        2016          16 rye                100.6520       462.2952       4.593006    
        2016          17 trit               87.42446       406.4387       4.649027    
        2016          18 csil               11.99339       110.7963       9.238116    
        2016          19 lmix              0.0000000E+00  0.0000000E+00  0.0000000E+00
        2017           1 frsd              0.0000000E+00  0.0000000E+00  0.0000000E+00
        2017           2 frse              0.0000000E+00  0.0000000E+00  0.0000000E+00
        2017           3 frst              0.0000000E+00  0.0000000E+00  0.0000000E+00
        2017           4 orcd               1.975940       1.035086      0.5238444    
        2017           5 rnge               16.58698      0.0000000E+00  0.0000000E+00
        2017           6 wetl              0.0000000E+00  0.0000000E+00  0.0000000E+00
        2017           7 lupn               197.4043       186.7456      0.9460060    
        2017           8 oats               160.0293       501.3800       3.133051    
        2017           9 fesc               441.6586       313.4226      0.7096490    
        2017          10 barl               154.4239       528.7949       3.424308    
        2017          11 fpea               5.198920      0.2574152      4.9513206E-02
        2017          12 pota               260.0756       2233.960       8.589658    
        2017          13 buck               9.106939       14.25898       1.565726    
        2017          14 wwht               67.65368       177.7095       2.626753    
        2017          15 canp               298.7375       1454.974       4.870409    
        2017          16 rye                68.76181       276.5550       4.021927    
        2017          17 trit               30.39439       150.4492       4.949902    
        2017          18 csil               8.512751       82.97634       9.747300    
        2017          19 lmix              0.0000000E+00  0.0000000E+00  0.0000000E+00
        2018           1 frsd              0.0000000E+00  0.0000000E+00  0.0000000E+00
        2018           2 frse              0.0000000E+00  0.0000000E+00  0.0000000E+00
        2018           3 frst              0.0000000E+00  0.0000000E+00  0.0000000E+00
        2018           4 orcd               1.975940       1.099818      0.5566047    
        2018           5 rnge               16.58698      0.0000000E+00  0.0000000E+00
        2018           6 wetl              0.0000000E+00  0.0000000E+00  0.0000000E+00
        2018           7 lupn               107.4853       97.56166      0.9076747    
        2018           8 oats               138.7575       433.0184       3.120685    
        2018           9 fesc               543.8348       379.7361      0.6982564    
        2018          10 barl               54.54786       233.7823       4.285819    
        2018          11 fpea               115.0552       325.8718       2.832309    
        2018          12 pota               132.7863       682.4422       5.139402    
        2018          13 buck               18.13002       22.63990       1.248752    
        2018          14 wwht               421.5923       1201.345       2.849543    
        2018          15 canp               73.50423       197.6590       2.689084    
        2018          16 rye                38.27672       155.9860       4.075218    
        2018          17 trit               87.85532       337.4190       3.840621    
        2018          18 csil               24.37108       246.4547       10.11259    
        2018          19 lmix              0.0000000E+00  0.0000000E+00  0.0000000E+00
        2019           1 frsd              0.0000000E+00  0.0000000E+00  0.0000000E+00
        2019           2 frse              0.0000000E+00  0.0000000E+00  0.0000000E+00
        2019           3 frst              0.0000000E+00  0.0000000E+00  0.0000000E+00
        2019           4 orcd               1.975940      6.3627899E-02  3.2201316E-02
        2019           5 rnge               16.58698      0.0000000E+00  0.0000000E+00
        2019           6 wetl              0.0000000E+00  0.0000000E+00  0.0000000E+00
        2019           7 lupn               61.88545       45.81296      0.7402864    
        2019           8 oats               259.5273       626.6557       2.414604    
        2019           9 fesc               104.4843       66.18333      0.6334283    
        2019          10 barl               45.86216       217.4958       4.742379    
        2019          11 fpea               27.80220       158.8107       5.712162    
        2019          12 pota               271.1597       1798.202       6.631522    
        2019          13 buck               33.53731       44.72926       1.333716    
        2019          14 wwht               44.79409       124.4733       2.778789    
        2019          15 canp               324.5222       785.7310       2.421194    
        2019          16 rye                153.3569       622.3411       4.058122    
        2019          17 trit               197.7336       705.2084       3.566456    
        2019          18 csil               7.664720       76.16925       9.937641    
        2019          19 lmix              0.0000000E+00  0.0000000E+00  0.0000000E+00
        2020           1 frsd              0.0000000E+00  0.0000000E+00  0.0000000E+00
        2020           2 frse              0.0000000E+00  0.0000000E+00  0.0000000E+00
        2020           3 frst              0.0000000E+00  0.0000000E+00  0.0000000E+00
        2020           4 orcd               1.975940      0.2714076      0.1373561    
        2020           5 rnge               16.58698      0.0000000E+00  0.0000000E+00
        2020           6 wetl              0.0000000E+00  0.0000000E+00  0.0000000E+00
        2020           7 lupn               166.7163       141.8172      0.8506497    
        2020           8 oats               74.50557       199.7843       2.681468    
        2020           9 fesc               46.77908       37.78191      0.8076668    
        2020          10 barl               36.47241       167.1908       4.584034    
        2020          11 fpea               85.49304       376.9637       4.409290    
        2020          12 pota               256.7287       1544.035       6.014266    
        2020          13 buck               8.182180       9.960641       1.217358    
        2020          14 wwht               406.5341       1382.645       3.401057    
        2020          15 canp               59.04479       311.1253       5.269310    
        2020          16 rye                111.4482       477.3207       4.282893    
        2020          17 trit               215.2103       1152.544       5.355432    
        2020          18 csil               31.12765       248.7032       7.989784    
        2020          19 lmix              0.0000000E+00  0.0000000E+00  0.0000000E+00
        2021           1 frsd              0.0000000E+00  0.0000000E+00  0.0000000E+00
        2021           2 frse              0.0000000E+00  0.0000000E+00  0.0000000E+00
        2021           3 frst              0.0000000E+00  0.0000000E+00  0.0000000E+00
        2021           4 orcd               1.975940      0.4408423      0.2231050    
        2021           5 rnge               16.58698      0.0000000E+00  0.0000000E+00
        2021           6 wetl              0.0000000E+00  0.0000000E+00  0.0000000E+00
        2021           7 lupn               171.8835       100.2486      0.5832358    
        2021           8 oats               96.43267       246.4065       2.555218    
        2021           9 fesc               177.3067       266.9099       1.505358    
        2021          10 barl               122.1565       452.2198       3.701970    
        2021          11 fpea               73.09443       359.8061       4.922483    
        2021          12 pota               108.4921       585.0171       5.392256    
        2021          13 buck               24.60551       36.63296       1.488811    
        2021          14 wwht               186.2945       371.6912       1.995181    
        2021          15 canp               405.8141       997.0730       2.456970    
        2021          16 rye                100.6520       449.0117       4.461031    
        2021          17 trit               87.42446       338.1677       3.868113    
        2021          18 csil               10.46578       87.49181       8.359797    
        2021          19 lmix              0.0000000E+00  0.0000000E+00  0.0000000E+00
        2022           1 frsd              0.0000000E+00  0.0000000E+00  0.0000000E+00
        2022           2 frse              0.0000000E+00  0.0000000E+00  0.0000000E+00
        2022           3 frst              0.0000000E+00  0.0000000E+00  0.0000000E+00
        2022           4 orcd               1.975940      0.5386808      0.2726199    
        2022           5 rnge               16.58698      0.0000000E+00  0.0000000E+00
        2022           6 wetl              0.0000000E+00  0.0000000E+00  0.0000000E+00
        2022           7 lupn               197.4043       163.3917      0.8277009    
        2022           8 oats               158.5017       446.1049       2.814512    
        2022           9 fesc               441.6586       327.5282      0.7415869    
        2022          10 barl               154.4239       650.6774       4.213580    
        2022          11 fpea               5.198920       2.180663      0.4194453    
        2022          12 pota               260.0756       1556.942       5.986498    
        2022          13 buck               9.106939       14.89640       1.635719    
        2022          14 wwht               67.65368       170.5441       2.520840    
        2022          15 canp               298.7375       1369.526       4.584381    
        2022          16 rye                68.76181       278.7055       4.053203    
        2022          17 trit               30.39439       148.4243       4.883279    
        2022          18 csil               10.04036       96.43904       9.605137    
        2022          19 lmix              0.0000000E+00  0.0000000E+00  0.0000000E+00
        2023           1 frsd              0.0000000E+00  0.0000000E+00  0.0000000E+00
        2023           2 frse              0.0000000E+00  0.0000000E+00  0.0000000E+00
        2023           3 frst              0.0000000E+00  0.0000000E+00  0.0000000E+00
        2023           4 orcd               1.975940      0.6470184      0.3274483    
        2023           5 rnge               16.58698      0.0000000E+00  0.0000000E+00
        2023           6 wetl              0.0000000E+00  0.0000000E+00  0.0000000E+00
        2023           7 lupn               107.4853       103.2932      0.9609982    
        2023           8 oats               138.7575       451.7253       3.255502    
        2023           9 fesc               543.8348       535.6605      0.9849690    
        2023          10 barl               54.54786       200.6938       3.679224    
        2023          11 fpea               115.0552       363.7504       3.161531    
        2023          12 pota               132.7863       750.2925       5.650377    
        2023          13 buck               18.13002       26.77424       1.476791    
        2023          14 wwht               421.5923       814.4487       1.931840    
        2023          15 canp               73.50422       223.9637       3.046950    
        2023          16 rye                38.27672       168.6428       4.405884    
        2023          17 trit               87.85532       351.4677       4.000528    
        2023          18 csil               24.37108       227.9675       9.354018    
        2023          19 lmix              0.0000000E+00  0.0000000E+00  0.0000000E+00
