 Mini_CREATE               SWAT+ Jan 11 2024        MODULAR Rev 2024.61.0                                 
        jday        mon        day         yr            unit              gis_id     name                plant_c    res_decay_c    harv_stov_c         emit_c
                                                                                                          kg C/ha        kg C/ha        kg C/ha        kg C/ha
         365          12          31        2023           1                     0 hru001            2.5638867E+08  0.0000000E+00  0.0000000E+00  0.0000000E+00
         365          12          31        2023           2                     0 hru002            2.5609984E+08  0.0000000E+00  0.0000000E+00  0.0000000E+00
         365          12          31        2023           3                     0 hru003            2.5435038E+08  0.0000000E+00  0.0000000E+00  0.0000000E+00
         365          12          31        2023           4                     0 hru004            2.5304427E+08  0.0000000E+00  0.0000000E+00  0.0000000E+00
         365          12          31        2023           5                     0 hru005            2.5368928E+08  0.0000000E+00  0.0000000E+00  0.0000000E+00
         365          12          31        2023           6                     0 hru006            2.5334112E+08  0.0000000E+00  0.0000000E+00  0.0000000E+00
         365          12          31        2023           7                     0 hru007            2.5416490E+08  0.0000000E+00  0.0000000E+00  0.0000000E+00
         365          12          31        2023           8                     0 hru008            2.5299278E+08  0.0000000E+00  0.0000000E+00  0.0000000E+00
         365          12          31        2023           9                     0 hru009            2.2700234E+08  0.0000000E+00  0.0000000E+00  0.0000000E+00
         365          12          31        2023          10                     0 hru010            2.5421128E+08  0.0000000E+00  0.0000000E+00  0.0000000E+00
         365          12          31        2023          11                     0 hru011            2.5417419E+08  0.0000000E+00  0.0000000E+00  0.0000000E+00
         365          12          31        2023          12                     0 hru012            2.5507728E+08  0.0000000E+00  0.0000000E+00  0.0000000E+00
         365          12          31        2023          13                     0 hru013            2.5394067E+08  0.0000000E+00  0.0000000E+00  0.0000000E+00
         365          12          31        2023          14                     0 hru014            2.5404043E+08  0.0000000E+00  0.0000000E+00  0.0000000E+00
         365          12          31        2023          15                     0 hru015            2.5364726E+08  0.0000000E+00  0.0000000E+00  0.0000000E+00
         365          12          31        2023          16                     0 hru016            2.3577944E+08  0.0000000E+00  0.0000000E+00  0.0000000E+00
         365          12          31        2023          17                     0 hru017            2.5659219E+08  0.0000000E+00  0.0000000E+00  0.0000000E+00
         365          12          31        2023          18                     0 hru018            2.4865427E+08  0.0000000E+00  0.0000000E+00  0.0000000E+00
         365          12          31        2023          19                     0 hru019            2.3926677E+08  0.0000000E+00  0.0000000E+00  0.0000000E+00
         365          12          31        2023          20                     0 hru020            2.4480406E+08  0.0000000E+00  0.0000000E+00  0.0000000E+00
         365          12          31        2023          21                     0 hru021            2.5729715E+08  0.0000000E+00  0.0000000E+00  0.0000000E+00
         365          12          31        2023          22                     0 hru022            2.5743598E+08  0.0000000E+00  0.0000000E+00  0.0000000E+00
         365          12          31        2023          23                     0 hru023            2.4133920E+08  0.0000000E+00  0.0000000E+00  0.0000000E+00
         365          12          31        2023          24                     0 hru024            2.4146627E+08  0.0000000E+00  0.0000000E+00  0.0000000E+00
         365          12          31        2023          25                     0 hru025            2.5654499E+08  0.0000000E+00  0.0000000E+00  0.0000000E+00
         365          12          31        2023          26                     0 hru026            2.5722872E+08  0.0000000E+00  0.0000000E+00  0.0000000E+00
         365          12          31        2023          27                     0 hru027            2.5553594E+08  0.0000000E+00  0.0000000E+00  0.0000000E+00
         365          12          31        2023          28                     0 hru028            2.5647560E+08  0.0000000E+00  0.0000000E+00  0.0000000E+00
         365          12          31        2023          29                     0 hru029            2.5363829E+08  0.0000000E+00  0.0000000E+00  0.0000000E+00
         365          12          31        2023          30                     0 hru030            2.5663288E+08  0.0000000E+00  0.0000000E+00  0.0000000E+00
         365          12          31        2023          31                     0 hru031            2.4907384E+08  0.0000000E+00  0.0000000E+00  0.0000000E+00
         365          12          31        2023          32                     0 hru032             1006928.      0.0000000E+00  0.0000000E+00  0.0000000E+00
         365          12          31        2023          33                     0 hru033            2.3881154E+07  0.0000000E+00  0.0000000E+00  0.0000000E+00
         365          12          31        2023          34                     0 hru034            1.1546958E+08  0.0000000E+00  0.0000000E+00  0.0000000E+00
         365          12          31        2023          35                     0 hru035            1.1560773E+08  0.0000000E+00  0.0000000E+00  0.0000000E+00
         365          12          31        2023          36                     0 hru036            1.1597824E+08  0.0000000E+00  0.0000000E+00  0.0000000E+00
         365          12          31        2023          37                     0 hru037            1.1316654E+08  0.0000000E+00  0.0000000E+00  0.0000000E+00
         365          12          31        2023          38                     0 hru038            1.1566962E+08  0.0000000E+00  0.0000000E+00  0.0000000E+00
         365          12          31        2023          39                     0 hru039            1.1560179E+08  0.0000000E+00  0.0000000E+00  0.0000000E+00
         365          12          31        2023          40                     0 hru040            1.1116002E+08  0.0000000E+00  0.0000000E+00  0.0000000E+00
         365          12          31        2023          41                     0 hru041            1.1281134E+08  0.0000000E+00  0.0000000E+00  0.0000000E+00
         365          12          31        2023          42                     0 hru042            1.1290731E+08  0.0000000E+00  0.0000000E+00  0.0000000E+00
         365          12          31        2023          43                     0 hru043            2.2640354E+08  0.0000000E+00  0.0000000E+00  0.0000000E+00
         365          12          31        2023          44                     0 hru044            3.5295379E+08  0.0000000E+00  0.0000000E+00  0.0000000E+00
         365          12          31        2023          45                     0 hru045            1.9505971E+08  0.0000000E+00  0.0000000E+00  0.0000000E+00
         365          12          31        2023          46                     0 hru046            3.1326989E+08  0.0000000E+00  0.0000000E+00  0.0000000E+00
         365          12          31        2023          47                     0 hru047            1.9492854E+08  0.0000000E+00  0.0000000E+00  0.0000000E+00
         365          12          31        2023          48                     0 hru048            1.9296062E+08  0.0000000E+00  0.0000000E+00  0.0000000E+00
         365          12          31        2023          49                     0 hru049            1.9736422E+08  0.0000000E+00  0.0000000E+00  0.0000000E+00
         365          12          31        2023          50                     0 hru050            1.9736458E+08  0.0000000E+00  0.0000000E+00  0.0000000E+00
         365          12          31        2023          51                     0 hru051            1.9735510E+08  0.0000000E+00  0.0000000E+00  0.0000000E+00
         365          12          31        2023          52                     0 hru052            3.0181866E+08  0.0000000E+00  0.0000000E+00  0.0000000E+00
         365          12          31        2023          53                     0 hru053            2.9845107E+08  0.0000000E+00  0.0000000E+00  0.0000000E+00
         365          12          31        2023          54                     0 hru054            1.9736541E+08  0.0000000E+00  0.0000000E+00  0.0000000E+00
         365          12          31        2023          55                     0 hru055            2.5717214E+08  0.0000000E+00  0.0000000E+00  0.0000000E+00
         365          12          31        2023          56                     0 hru056            2.5354091E+08  0.0000000E+00  0.0000000E+00  0.0000000E+00
         365          12          31        2023          57                     0 hru057            2.5684118E+08  0.0000000E+00  0.0000000E+00  0.0000000E+00
         365          12          31        2023          58                     0 hru058            2.5477738E+08  0.0000000E+00  0.0000000E+00  0.0000000E+00
         365          12          31        2023          59                     0 hru059            2.5660118E+08  0.0000000E+00  0.0000000E+00  0.0000000E+00
         365          12          31        2023          60                     0 hru060            2.5430736E+08  0.0000000E+00  0.0000000E+00  0.0000000E+00
         365          12          31        2023          61                     0 hru061            2.5249016E+08  0.0000000E+00  0.0000000E+00  0.0000000E+00
         365          12          31        2023          62                     0 hru062            2.4741752E+08  0.0000000E+00  0.0000000E+00  0.0000000E+00
         365          12          31        2023          63                     0 hru063            2.5137949E+08  0.0000000E+00  0.0000000E+00  0.0000000E+00
         365          12          31        2023          64                     0 hru064            2.5300152E+08  0.0000000E+00  0.0000000E+00  0.0000000E+00
         365          12          31        2023          65                     0 hru065            2.5313232E+08  0.0000000E+00  0.0000000E+00  0.0000000E+00
         365          12          31        2023          66                     0 hru066            2.5274941E+08  0.0000000E+00  0.0000000E+00  0.0000000E+00
         365          12          31        2023          67                     0 hru067            2.5633805E+08  0.0000000E+00  0.0000000E+00  0.0000000E+00
         365          12          31        2023          68                     0 hru068            2.5383930E+08  0.0000000E+00  0.0000000E+00  0.0000000E+00
         365          12          31        2023          69                     0 hru069            2.5425024E+08  0.0000000E+00  0.0000000E+00  0.0000000E+00
         365          12          31        2023          70                     0 hru070            2.5460546E+08  0.0000000E+00  0.0000000E+00  0.0000000E+00
         365          12          31        2023          71                     0 hru071            2.5479134E+08  0.0000000E+00  0.0000000E+00  0.0000000E+00
         365          12          31        2023          72                     0 hru072            2.5413741E+08  0.0000000E+00  0.0000000E+00  0.0000000E+00
         365          12          31        2023          73                     0 hru073            2.0229254E+08  0.0000000E+00  0.0000000E+00  0.0000000E+00
         365          12          31        2023          74                     0 hru074            2.5636755E+08  0.0000000E+00  0.0000000E+00  0.0000000E+00
         365          12          31        2023          75                     0 hru075            2.5518189E+08  0.0000000E+00  0.0000000E+00  0.0000000E+00
         365          12          31        2023          76                     0 hru076            2.5287885E+08  0.0000000E+00  0.0000000E+00  0.0000000E+00
         365          12          31        2023          77                     0 hru077            2.5163618E+08  0.0000000E+00  0.0000000E+00  0.0000000E+00
         365          12          31        2023          78                     0 hru078            2.5540810E+08  0.0000000E+00  0.0000000E+00  0.0000000E+00
         365          12          31        2023          79                     0 hru079            2.2135443E+08  0.0000000E+00  0.0000000E+00  0.0000000E+00
         365          12          31        2023          80                     0 hru080            2.5645222E+08  0.0000000E+00  0.0000000E+00  0.0000000E+00
         365          12          31        2023          81                     0 hru081            1.8317267E+08  0.0000000E+00  0.0000000E+00  0.0000000E+00
         365          12          31        2023          82                     0 hru082            2.4196701E+08  0.0000000E+00  0.0000000E+00  0.0000000E+00
         365          12          31        2023          83                     0 hru083            2.4437934E+08  0.0000000E+00  0.0000000E+00  0.0000000E+00
         365          12          31        2023          84                     0 hru084            2.5660358E+08  0.0000000E+00  0.0000000E+00  0.0000000E+00
         365          12          31        2023          85                     0 hru085            2.5725107E+08  0.0000000E+00  0.0000000E+00  0.0000000E+00
         365          12          31        2023          86                     0 hru086            2.3091656E+08  0.0000000E+00  0.0000000E+00  0.0000000E+00
         365          12          31        2023          87                     0 hru087            1.4034803E+08  0.0000000E+00  0.0000000E+00  0.0000000E+00
         365          12          31        2023          88                     0 hru088            2.4082413E+08  0.0000000E+00  0.0000000E+00  0.0000000E+00
         365          12          31        2023          89                     0 hru089            2.5123310E+08  0.0000000E+00  0.0000000E+00  0.0000000E+00
         365          12          31        2023          90                     0 hru090            2.5271165E+08  0.0000000E+00  0.0000000E+00  0.0000000E+00
         365          12          31        2023          91                     0 hru091            2.4147898E+08  0.0000000E+00  0.0000000E+00  0.0000000E+00
         365          12          31        2023          92                     0 hru092            2.5269648E+08  0.0000000E+00  0.0000000E+00  0.0000000E+00
         365          12          31        2023          93                     0 hru093            2.5282086E+08  0.0000000E+00  0.0000000E+00  0.0000000E+00
         365          12          31        2023          94                     0 hru094            2.4136904E+08  0.0000000E+00  0.0000000E+00  0.0000000E+00
         365          12          31        2023          95                     0 hru095            2.1005094E+08  0.0000000E+00  0.0000000E+00  0.0000000E+00
         365          12          31        2023          96                     0 hru096            2.3698773E+08  0.0000000E+00  0.0000000E+00  0.0000000E+00
         365          12          31        2023          97                     0 hru097            2.4018331E+08  0.0000000E+00  0.0000000E+00  0.0000000E+00
         365          12          31        2023          98                     0 hru098            2.5567802E+08  0.0000000E+00  0.0000000E+00  0.0000000E+00
         365          12          31        2023          99                     0 hru099            2.0676770E+08  0.0000000E+00  0.0000000E+00  0.0000000E+00
         365          12          31        2023         100                     0 hru100            2.1241982E+08  0.0000000E+00  0.0000000E+00  0.0000000E+00
         365          12          31        2023         101                     0 hru101            2.5342402E+08  0.0000000E+00  0.0000000E+00  0.0000000E+00
         365          12          31        2023         102                     0 hru102             880039.5      0.0000000E+00  0.0000000E+00  0.0000000E+00
         365          12          31        2023         103                     0 hru103             621108.4      0.0000000E+00  0.0000000E+00  0.0000000E+00
         365          12          31        2023         104                     0 hru104             1536901.      0.0000000E+00  0.0000000E+00  0.0000000E+00
         365          12          31        2023         105                     0 hru105             4000894.      0.0000000E+00  0.0000000E+00  0.0000000E+00
         365          12          31        2023         106                     0 hru106             1002733.      0.0000000E+00  0.0000000E+00  0.0000000E+00
         365          12          31        2023         107                     0 hru107             1648798.      0.0000000E+00  0.0000000E+00  0.0000000E+00
         365          12          31        2023         108                     0 hru108             838191.7      0.0000000E+00  0.0000000E+00  0.0000000E+00
         365          12          31        2023         109                     0 hru109             1402938.      0.0000000E+00  0.0000000E+00  0.0000000E+00
         365          12          31        2023         110                     0 hru110             1539542.      0.0000000E+00  0.0000000E+00  0.0000000E+00
         365          12          31        2023         111                     0 hru111             1465919.      0.0000000E+00  0.0000000E+00  0.0000000E+00
         365          12          31        2023         112                     0 hru112             1157217.      0.0000000E+00  0.0000000E+00  0.0000000E+00
         365          12          31        2023         113                     0 hru113             1820266.      0.0000000E+00  0.0000000E+00  0.0000000E+00
         365          12          31        2023         114                     0 hru114             2189227.      0.0000000E+00  0.0000000E+00  0.0000000E+00
         365          12          31        2023         115                     0 hru115             1887484.      0.0000000E+00  0.0000000E+00  0.0000000E+00
         365          12          31        2023         116                     0 hru116             1836942.      0.0000000E+00  0.0000000E+00  0.0000000E+00
         365          12          31        2023         117                     0 hru117             1990627.      0.0000000E+00  0.0000000E+00  0.0000000E+00
         365          12          31        2023         118                     0 hru118             1984214.      0.0000000E+00  0.0000000E+00  0.0000000E+00
         365          12          31        2023         119                     0 hru119             1648802.      0.0000000E+00  0.0000000E+00  0.0000000E+00
         365          12          31        2023         120                     0 hru120             1159620.      0.0000000E+00  0.0000000E+00  0.0000000E+00
         365          12          31        2023         121                     0 hru121             827749.6      0.0000000E+00  0.0000000E+00  0.0000000E+00
         365          12          31        2023         122                     0 hru122             1491574.      0.0000000E+00  0.0000000E+00  0.0000000E+00
         365          12          31        2023         123                     0 hru123             1685244.      0.0000000E+00  0.0000000E+00  0.0000000E+00
         365          12          31        2023         124                     0 hru124             1393879.      0.0000000E+00  0.0000000E+00  0.0000000E+00
         365          12          31        2023         125                     0 hru125             2282666.      0.0000000E+00  0.0000000E+00  0.0000000E+00
         365          12          31        2023         126                     0 hru126             1735955.      0.0000000E+00  0.0000000E+00  0.0000000E+00
         365          12          31        2023         127                     0 hru127             1985456.      0.0000000E+00  0.0000000E+00  0.0000000E+00
         365          12          31        2023         128                     0 hru128             2634262.      0.0000000E+00  0.0000000E+00  0.0000000E+00
         365          12          31        2023         129                     0 hru129             2828944.      0.0000000E+00  0.0000000E+00  0.0000000E+00
         365          12          31        2023         130                     0 hru130             2538821.      0.0000000E+00  0.0000000E+00  0.0000000E+00
         365          12          31        2023         131                     0 hru131             2370350.      0.0000000E+00  0.0000000E+00  0.0000000E+00
         365          12          31        2023         132                     0 hru132             2456263.      0.0000000E+00  0.0000000E+00  0.0000000E+00
         365          12          31        2023         133                     0 hru133             428505.8      0.0000000E+00  0.0000000E+00  0.0000000E+00
         365          12          31        2023         134                     0 hru134             1575794.      0.0000000E+00  0.0000000E+00  0.0000000E+00
         365          12          31        2023         135                     0 hru135             3395720.      0.0000000E+00  0.0000000E+00  0.0000000E+00
         365          12          31        2023         136                     0 hru136             74952.04      0.0000000E+00  0.0000000E+00  0.0000000E+00
         365          12          31        2023         137                     0 hru137             3075821.      0.0000000E+00  0.0000000E+00  0.0000000E+00
         365          12          31        2023         138                     0 hru138             2560650.      0.0000000E+00  0.0000000E+00  0.0000000E+00
         365          12          31        2023         139                     0 hru139             8820866.      0.0000000E+00  0.0000000E+00  0.0000000E+00
         365          12          31        2023         140                     0 hru140             8805119.      0.0000000E+00  0.0000000E+00  0.0000000E+00
         365          12          31        2023         141                     0 hru141             1436111.      0.0000000E+00  0.0000000E+00  0.0000000E+00
         365          12          31        2023         142                     0 hru142             1963107.      0.0000000E+00  0.0000000E+00  0.0000000E+00
         365          12          31        2023         143                     0 hru143             1302334.      0.0000000E+00  0.0000000E+00  0.0000000E+00
         365          12          31        2023         144                     0 hru144             1455739.      0.0000000E+00  0.0000000E+00  0.0000000E+00
         365          12          31        2023         145                     0 hru145             1545219.      0.0000000E+00  0.0000000E+00  0.0000000E+00
         365          12          31        2023         146                     0 hru146             1378048.      0.0000000E+00  0.0000000E+00  0.0000000E+00
         365          12          31        2023         147                     0 hru147             1438929.      0.0000000E+00  0.0000000E+00  0.0000000E+00
         365          12          31        2023         148                     0 hru148             1746562.      0.0000000E+00  0.0000000E+00  0.0000000E+00
         365          12          31        2023         149                     0 hru149             982566.9      0.0000000E+00  0.0000000E+00  0.0000000E+00
         365          12          31        2023         150                     0 hru150             1501358.      0.0000000E+00  0.0000000E+00  0.0000000E+00
         365          12          31        2023         151                     0 hru151             917595.1      0.0000000E+00  0.0000000E+00  0.0000000E+00
         365          12          31        2023         152                     0 hru152             1490374.      0.0000000E+00  0.0000000E+00  0.0000000E+00
         365          12          31        2023         153                     0 hru153             980529.9      0.0000000E+00  0.0000000E+00  0.0000000E+00
         365          12          31        2023         154                     0 hru154             1021851.      0.0000000E+00  0.0000000E+00  0.0000000E+00
         365          12          31        2023         155                     0 hru155             1822336.      0.0000000E+00  0.0000000E+00  0.0000000E+00
         365          12          31        2023         156                     0 hru156             2189018.      0.0000000E+00  0.0000000E+00  0.0000000E+00
         365          12          31        2023         157                     0 hru157             2082573.      0.0000000E+00  0.0000000E+00  0.0000000E+00
         365          12          31        2023         158                     0 hru158             2034887.      0.0000000E+00  0.0000000E+00  0.0000000E+00
         365          12          31        2023         159                     0 hru159             2813008.      0.0000000E+00  0.0000000E+00  0.0000000E+00
         365          12          31        2023         160                     0 hru160             2031821.      0.0000000E+00  0.0000000E+00  0.0000000E+00
         365          12          31        2023         161                     0 hru161             3639534.      0.0000000E+00  0.0000000E+00  0.0000000E+00
         365          12          31        2023         162                     0 hru162             1317855.      0.0000000E+00  0.0000000E+00  0.0000000E+00
         365          12          31        2023         163                     0 hru163            2.5667816E+08  0.0000000E+00  0.0000000E+00  0.0000000E+00
         365          12          31        2023         164                     0 hru164            2.3959520E+08  0.0000000E+00  0.0000000E+00  0.0000000E+00
         365          12          31        2023         165                     0 hru165            2.3491786E+08  0.0000000E+00  0.0000000E+00  0.0000000E+00
         365          12          31        2023         166                     0 hru166            1.7281634E+08  0.0000000E+00  0.0000000E+00  0.0000000E+00
         365          12          31        2023         167                     0 hru167            2.5402440E+08  0.0000000E+00  0.0000000E+00  0.0000000E+00
         365          12          31        2023         168                     0 hru168            2.5752611E+08  0.0000000E+00  0.0000000E+00  0.0000000E+00
         365          12          31        2023         169                     0 hru169            2.5404822E+08  0.0000000E+00  0.0000000E+00  0.0000000E+00
         365          12          31        2023         170                     0 hru170            2.5680246E+08  0.0000000E+00  0.0000000E+00  0.0000000E+00
         365          12          31        2023         171                     0 hru171             4420766.      0.0000000E+00  0.0000000E+00  0.0000000E+00
         365          12          31        2023         172                     0 hru172             2281121.      0.0000000E+00  0.0000000E+00  0.0000000E+00
         365          12          31        2023         173                     0 hru173             1290536.      0.0000000E+00  0.0000000E+00  0.0000000E+00
         365          12          31        2023         174                     0 hru174             5802266.      0.0000000E+00  0.0000000E+00  0.0000000E+00
         365          12          31        2023         175                     0 hru175             1458668.      0.0000000E+00  0.0000000E+00  0.0000000E+00
         365          12          31        2023         176                     0 hru176             1967282.      0.0000000E+00  0.0000000E+00  0.0000000E+00
         365          12          31        2023         177                     0 hru177            2.5703347E+08  0.0000000E+00  0.0000000E+00  0.0000000E+00
         365          12          31        2023         178                     0 hru178            2.5763253E+08  0.0000000E+00  0.0000000E+00  0.0000000E+00
         365          12          31        2023         179                     0 hru179            2.4101893E+08  0.0000000E+00  0.0000000E+00  0.0000000E+00
         365          12          31        2023         180                     0 hru180             1961448.      0.0000000E+00  0.0000000E+00  0.0000000E+00
         365          12          31        2023         181                     0 hru181             1375337.      0.0000000E+00  0.0000000E+00  0.0000000E+00
         365          12          31        2023         182                     0 hru182             1357803.      0.0000000E+00  0.0000000E+00  0.0000000E+00
         365          12          31        2023         183                     0 hru183             2226336.      0.0000000E+00  0.0000000E+00  0.0000000E+00
         365          12          31        2023         184                     0 hru184             1791172.      0.0000000E+00  0.0000000E+00  0.0000000E+00
         365          12          31        2023         185                     0 hru185             2010626.      0.0000000E+00  0.0000000E+00  0.0000000E+00
         365          12          31        2023         186                     0 hru186             1944376.      0.0000000E+00  0.0000000E+00  0.0000000E+00
         365          12          31        2023         187                     0 hru187             2246219.      0.0000000E+00  0.0000000E+00  0.0000000E+00
         365          12          31        2023         188                     0 hru188             2200621.      0.0000000E+00  0.0000000E+00  0.0000000E+00
         365          12          31        2023         189                     0 hru189             2528652.      0.0000000E+00  0.0000000E+00  0.0000000E+00
         365          12          31        2023         190                     0 hru190             3103912.      0.0000000E+00  0.0000000E+00  0.0000000E+00
         365          12          31        2023         191                     0 hru191             1806743.      0.0000000E+00  0.0000000E+00  0.0000000E+00
         365          12          31        2023         192                     0 hru192             2050335.      0.0000000E+00  0.0000000E+00  0.0000000E+00
         365          12          31        2023         193                     0 hru193             1718822.      0.0000000E+00  0.0000000E+00  0.0000000E+00
         365          12          31        2023         194                     0 hru194             2254664.      0.0000000E+00  0.0000000E+00  0.0000000E+00
         365          12          31        2023         195                     0 hru195             3145911.      0.0000000E+00  0.0000000E+00  0.0000000E+00
         365          12          31        2023         196                     0 hru196             2994632.      0.0000000E+00  0.0000000E+00  0.0000000E+00
         365          12          31        2023         197                     0 hru197             2837669.      0.0000000E+00  0.0000000E+00  0.0000000E+00
         365          12          31        2023         198                     0 hru198             2797800.      0.0000000E+00  0.0000000E+00  0.0000000E+00
         365          12          31        2023         199                     0 hru199             3329750.      0.0000000E+00  0.0000000E+00  0.0000000E+00
         365          12          31        2023         200                     0 hru200             3402478.      0.0000000E+00  0.0000000E+00  0.0000000E+00
         365          12          31        2023         201                     0 hru201             1885848.      0.0000000E+00  0.0000000E+00  0.0000000E+00
         365          12          31        2023         202                     0 hru202             2246926.      0.0000000E+00  0.0000000E+00  0.0000000E+00
         365          12          31        2023         203                     0 hru203             2454784.      0.0000000E+00  0.0000000E+00  0.0000000E+00
         365          12          31        2023         204                     0 hru204             2781834.      0.0000000E+00  0.0000000E+00  0.0000000E+00
         365          12          31        2023         205                     0 hru205             2445316.      0.0000000E+00  0.0000000E+00  0.0000000E+00
         365          12          31        2023         206                     0 hru206             1996965.      0.0000000E+00  0.0000000E+00  0.0000000E+00
         365          12          31        2023         207                     0 hru207             1982544.      0.0000000E+00  0.0000000E+00  0.0000000E+00
         365          12          31        2023         208                     0 hru208             1484562.      0.0000000E+00  0.0000000E+00  0.0000000E+00
         365          12          31        2023         209                     0 hru209             1671911.      0.0000000E+00  0.0000000E+00  0.0000000E+00
         365          12          31        2023         210                     0 hru210             1880424.      0.0000000E+00  0.0000000E+00  0.0000000E+00
         365          12          31        2023         211                     0 hru211             2293228.      0.0000000E+00  0.0000000E+00  0.0000000E+00
         365          12          31        2023         212                     0 hru212             3207850.      0.0000000E+00  0.0000000E+00  0.0000000E+00
         365          12          31        2023         213                     0 hru213             2733448.      0.0000000E+00  0.0000000E+00  0.0000000E+00
         365          12          31        2023         214                     0 hru214             1987924.      0.0000000E+00  0.0000000E+00  0.0000000E+00
         365          12          31        2023         215                     0 hru215             1983348.      0.0000000E+00  0.0000000E+00  0.0000000E+00
         365          12          31        2023         216                     0 hru216             2580724.      0.0000000E+00  0.0000000E+00  0.0000000E+00
         365          12          31        2023         217                     0 hru217             2375156.      0.0000000E+00  0.0000000E+00  0.0000000E+00
         365          12          31        2023         218                     0 hru218             2243481.      0.0000000E+00  0.0000000E+00  0.0000000E+00
         365          12          31        2023         219                     0 hru219             2107434.      0.0000000E+00  0.0000000E+00  0.0000000E+00
         365          12          31        2023         220                     0 hru220             2579533.      0.0000000E+00  0.0000000E+00  0.0000000E+00
         365          12          31        2023         221                     0 hru221             1527134.      0.0000000E+00  0.0000000E+00  0.0000000E+00
         365          12          31        2023         222                     0 hru222             46032.09      0.0000000E+00  0.0000000E+00  0.0000000E+00
         365          12          31        2023         223                     0 hru223             1356172.      0.0000000E+00  0.0000000E+00  0.0000000E+00
         365          12          31        2023         224                     0 hru224             1763042.      0.0000000E+00  0.0000000E+00  0.0000000E+00
         365          12          31        2023         225                     0 hru225             2686420.      0.0000000E+00  0.0000000E+00  0.0000000E+00
         365          12          31        2023         226                     0 hru226             2802934.      0.0000000E+00  0.0000000E+00  0.0000000E+00
         365          12          31        2023         227                     0 hru227             2106616.      0.0000000E+00  0.0000000E+00  0.0000000E+00
         365          12          31        2023         228                     0 hru228             1590636.      0.0000000E+00  0.0000000E+00  0.0000000E+00
         365          12          31        2023         229                     0 hru229             1917560.      0.0000000E+00  0.0000000E+00  0.0000000E+00
         365          12          31        2023         230                     0 hru230             2350220.      0.0000000E+00  0.0000000E+00  0.0000000E+00
         365          12          31        2023         231                     0 hru231             1492205.      0.0000000E+00  0.0000000E+00  0.0000000E+00
         365          12          31        2023         232                     0 hru232             2124974.      0.0000000E+00  0.0000000E+00  0.0000000E+00
         365          12          31        2023         233                     0 hru233             2130764.      0.0000000E+00  0.0000000E+00  0.0000000E+00
         365          12          31        2023         234                     0 hru234             1034343.      0.0000000E+00  0.0000000E+00  0.0000000E+00
         365          12          31        2023         235                     0 hru235             2489251.      0.0000000E+00  0.0000000E+00  0.0000000E+00
         365          12          31        2023         236                     0 hru236             2278537.      0.0000000E+00  0.0000000E+00  0.0000000E+00
         365          12          31        2023         237                     0 hru237             1443717.      0.0000000E+00  0.0000000E+00  0.0000000E+00
         365          12          31        2023         238                     0 hru238             2573092.      0.0000000E+00  0.0000000E+00  0.0000000E+00
         365          12          31        2023         239                     0 hru239            2.5019206E+08  0.0000000E+00  0.0000000E+00  0.0000000E+00
         365          12          31        2023         240                     0 hru240            2.2672187E+08  0.0000000E+00  0.0000000E+00  0.0000000E+00
         365          12          31        2023         241                     0 hru241            2.5289523E+08  0.0000000E+00  0.0000000E+00  0.0000000E+00
         365          12          31        2023         242                     0 hru242            2.5433032E+08  0.0000000E+00  0.0000000E+00  0.0000000E+00
         365          12          31        2023         243                     0 hru243            2.5405491E+08  0.0000000E+00  0.0000000E+00  0.0000000E+00
         365          12          31        2023         244                     0 hru244            2.5443930E+08  0.0000000E+00  0.0000000E+00  0.0000000E+00
         365          12          31        2023         245                     0 hru245            2.5362368E+08  0.0000000E+00  0.0000000E+00  0.0000000E+00
         365          12          31        2023         246                     0 hru246            1.1398544E+08  0.0000000E+00  0.0000000E+00  0.0000000E+00
         365          12          31        2023         247                     0 hru247             1804109.      0.0000000E+00  0.0000000E+00  0.0000000E+00
         365          12          31        2023         248                     0 hru248             1797652.      0.0000000E+00  0.0000000E+00  0.0000000E+00
         365          12          31        2023         249                     0 hru249             1843303.      0.0000000E+00  0.0000000E+00  0.0000000E+00
         365          12          31        2023         250                     0 hru250             1870430.      0.0000000E+00  0.0000000E+00  0.0000000E+00
         365          12          31        2023         251                     0 hru251            2.5258454E+08  0.0000000E+00  0.0000000E+00  0.0000000E+00
         365          12          31        2023         252                     0 hru252            1.1784806E+08  0.0000000E+00  0.0000000E+00  0.0000000E+00
         365          12          31        2023         253                     0 hru253            2.4619370E+08  0.0000000E+00  0.0000000E+00  0.0000000E+00
         365          12          31        2023         254                     0 hru254            2.4956240E+08  0.0000000E+00  0.0000000E+00  0.0000000E+00
         365          12          31        2023         255                     0 hru255            2.5424998E+08  0.0000000E+00  0.0000000E+00  0.0000000E+00
         365          12          31        2023         256                     0 hru256            2.5695181E+08  0.0000000E+00  0.0000000E+00  0.0000000E+00
         365          12          31        2023         257                     0 hru257            2.5396416E+08  0.0000000E+00  0.0000000E+00  0.0000000E+00
         365          12          31        2023         258                     0 hru258            2.5113806E+08  0.0000000E+00  0.0000000E+00  0.0000000E+00
         365          12          31        2023         259                     0 hru259            2.5687683E+08  0.0000000E+00  0.0000000E+00  0.0000000E+00
         365          12          31        2023         260                     0 hru260            2.5527048E+08  0.0000000E+00  0.0000000E+00  0.0000000E+00
         365          12          31        2023         261                     0 hru261            2.5403773E+08  0.0000000E+00  0.0000000E+00  0.0000000E+00
         365          12          31        2023         262                     0 hru262            2.5379270E+08  0.0000000E+00  0.0000000E+00  0.0000000E+00
         365          12          31        2023         263                     0 hru263            2.5561944E+08  0.0000000E+00  0.0000000E+00  0.0000000E+00
         365          12          31        2023         264                     0 hru264            2.2572584E+08  0.0000000E+00  0.0000000E+00  0.0000000E+00
         365          12          31        2023         265                     0 hru265            2.4897456E+08  0.0000000E+00  0.0000000E+00  0.0000000E+00
         365          12          31        2023         266                     0 hru266            2.5360266E+08  0.0000000E+00  0.0000000E+00  0.0000000E+00
         365          12          31        2023         267                     0 hru267            2.5415811E+08  0.0000000E+00  0.0000000E+00  0.0000000E+00
         365          12          31        2023         268                     0 hru268            2.5201067E+08  0.0000000E+00  0.0000000E+00  0.0000000E+00
         365          12          31        2023         269                     0 hru269            2.5170005E+08  0.0000000E+00  0.0000000E+00  0.0000000E+00
         365          12          31        2023         270                     0 hru270            2.5206075E+08  0.0000000E+00  0.0000000E+00  0.0000000E+00
         365          12          31        2023         271                     0 hru271            2.5178122E+08  0.0000000E+00  0.0000000E+00  0.0000000E+00
         365          12          31        2023         272                     0 hru272            2.5337754E+08  0.0000000E+00  0.0000000E+00  0.0000000E+00
         365          12          31        2023         273                     0 hru273            2.5194390E+08  0.0000000E+00  0.0000000E+00  0.0000000E+00
         365          12          31        2023         274                     0 hru274             1826784.      0.0000000E+00  0.0000000E+00  0.0000000E+00
         365          12          31        2023         275                     0 hru275             1683982.      0.0000000E+00  0.0000000E+00  0.0000000E+00
         365          12          31        2023         276                     0 hru276             1712435.      0.0000000E+00  0.0000000E+00  0.0000000E+00
         365          12          31        2023         277                     0 hru277             1800321.      0.0000000E+00  0.0000000E+00  0.0000000E+00
         365          12          31        2023         278                     0 hru278            2.5270666E+08  0.0000000E+00  0.0000000E+00  0.0000000E+00
         365          12          31        2023         279                     0 hru279            2.5798446E+08  0.0000000E+00  0.0000000E+00  0.0000000E+00
         365          12          31        2023         280                     0 hru280            2.5879920E+08  0.0000000E+00  0.0000000E+00  0.0000000E+00
         365          12          31        2023         281                     0 hru281            1.1464364E+08  0.0000000E+00  0.0000000E+00  0.0000000E+00
         365          12          31        2023         282                     0 hru282            1.1353182E+08  0.0000000E+00  0.0000000E+00  0.0000000E+00
         365          12          31        2023         283                     0 hru283            3.0996560E+08  0.0000000E+00  0.0000000E+00  0.0000000E+00
         365          12          31        2023         284                     0 hru284            1.9512898E+08  0.0000000E+00  0.0000000E+00  0.0000000E+00
         365          12          31        2023         285                     0 hru285            1.9505722E+08  0.0000000E+00  0.0000000E+00  0.0000000E+00
         365          12          31        2023         286                     0 hru286            1.9505712E+08  0.0000000E+00  0.0000000E+00  0.0000000E+00
         365          12          31        2023         287                     0 hru287            1.9492826E+08  0.0000000E+00  0.0000000E+00  0.0000000E+00
         365          12          31        2023         288                     0 hru288            2.3186622E+08  0.0000000E+00  0.0000000E+00  0.0000000E+00
         365          12          31        2023         289                     0 hru289            2.5109374E+08  0.0000000E+00  0.0000000E+00  0.0000000E+00
         365          12          31        2023         290                     0 hru290            2.5923571E+08  0.0000000E+00  0.0000000E+00  0.0000000E+00
         365          12          31        2023         291                     0 hru291            2.3051789E+08  0.0000000E+00  0.0000000E+00  0.0000000E+00
         365          12          31        2023         292                     0 hru292            2.4044317E+08  0.0000000E+00  0.0000000E+00  0.0000000E+00
         365          12          31        2023         293                     0 hru293            2.4142581E+08  0.0000000E+00  0.0000000E+00  0.0000000E+00
         365          12          31        2023         294                     0 hru294             1559292.      0.0000000E+00  0.0000000E+00  0.0000000E+00
         365          12          31        2023         295                     0 hru295             1609627.      0.0000000E+00  0.0000000E+00  0.0000000E+00
         365          12          31        2023         296                     0 hru296             7278498.      0.0000000E+00  0.0000000E+00  0.0000000E+00
         365          12          31        2023         297                     0 hru297             1698215.      0.0000000E+00  0.0000000E+00  0.0000000E+00
         365          12          31        2023         298                     0 hru298             8944134.      0.0000000E+00  0.0000000E+00  0.0000000E+00
         365          12          31        2023         299                     0 hru299            2.3626307E+08  0.0000000E+00  0.0000000E+00  0.0000000E+00
         365          12          31        2023         300                     0 hru300             1951677.      0.0000000E+00  0.0000000E+00  0.0000000E+00
         365          12          31        2023         301                     0 hru301             2299250.      0.0000000E+00  0.0000000E+00  0.0000000E+00
         365          12          31        2023         302                     0 hru302            2.4053725E+08  0.0000000E+00  0.0000000E+00  0.0000000E+00
         365          12          31        2023         303                     0 hru303             3060627.      0.0000000E+00  0.0000000E+00  0.0000000E+00
         365          12          31        2023         304                     0 hru304            2.5174498E+08  0.0000000E+00  0.0000000E+00  0.0000000E+00
         365          12          31        2023         305                     0 hru305            2.6040568E+08  0.0000000E+00  0.0000000E+00  0.0000000E+00
         365          12          31        2023         306                     0 hru306            2.4596362E+08  0.0000000E+00  0.0000000E+00  0.0000000E+00
         365          12          31        2023         307                     0 hru307            1.6934109E+08  0.0000000E+00  0.0000000E+00  0.0000000E+00
         365          12          31        2023         308                     0 hru308            1.3267065E+08  0.0000000E+00  0.0000000E+00  0.0000000E+00
         365          12          31        2023         309                     0 hru309            2.5495275E+08  0.0000000E+00  0.0000000E+00  0.0000000E+00
         365          12          31        2023         310                     0 hru310            2.5429750E+08  0.0000000E+00  0.0000000E+00  0.0000000E+00
         365          12          31        2023         311                     0 hru311            2.5342560E+08  0.0000000E+00  0.0000000E+00  0.0000000E+00
         365          12          31        2023         312                     0 hru312            2.6044360E+08  0.0000000E+00  0.0000000E+00  0.0000000E+00
         365          12          31        2023         313                     0 hru313            2.5353461E+08  0.0000000E+00  0.0000000E+00  0.0000000E+00
         365          12          31        2023         314                     0 hru314             1716311.      0.0000000E+00  0.0000000E+00  0.0000000E+00
