 Mini_CREATE               SWAT+ Jan 11 2024        MODULAR Rev 2024.61.0                                 
       year     plant_no   plant_name       harv_area(ha)    yld(t)         yld(t/ha)      
        2023           1 frsd              0.0000000E+00  0.0000000E+00  0.0000000E+00
        2023           2 frse              0.0000000E+00  0.0000000E+00  0.0000000E+00
        2023           3 frst              0.0000000E+00  0.0000000E+00  0.0000000E+00
        2023           4 orcd               2.072764      0.6934272      0.3345423    
        2023           5 rnge               17.39976      0.0000000E+00  0.0000000E+00
        2023           6 wetl              0.0000000E+00  0.0000000E+00  0.0000000E+00
        2023           7 fesc               777.6708       253.5467      0.3260335    
        2023           8 oats               163.8660       483.7639       2.952192    
        2023           9 lupn               141.0141       129.4592      0.9180585    
        2023          10 barl               86.74461       349.9867       4.034680    
        2023          11 fpea               64.33395       283.3493       4.404351    
        2023          12 pota               215.9353       1487.040       6.886505    
        2023          13 buck               19.62932       26.69770       1.360093    
        2023          14 wwht               236.4173       533.7303       2.257577    
        2023          15 canp               243.7088       1063.769       4.364917    
        2023          16 rye                99.12971       425.3664       4.291008    
        2023          17 trit               129.7862       638.7354       4.921442    
        2023          18 csil               22.32294       196.8670       8.819045    
        2023          19 lmix              0.0000000E+00  0.0000000E+00  0.0000000E+00
