 Mini_CREATE               SWAT+ Jan 11 2024        MODULAR Rev 2024.61.0                                 
       year     plant_no   plant_name       harv_area(ha)    yld(t)         yld(t/ha)      
        2023           1 frsd              0.0000000E+00  0.0000000E+00  0.0000000E+00
        2023           2 frse              0.0000000E+00  0.0000000E+00  0.0000000E+00
        2023           3 frst              0.0000000E+00  0.0000000E+00  0.0000000E+00
        2023           4 orcd               2.072764      0.6934272      0.3345423    
        2023           5 rnge               17.39976      0.0000000E+00  0.0000000E+00
        2023           6 wetl              0.0000000E+00  0.0000000E+00  0.0000000E+00
        2023           7 lupn               147.9878       134.9707      0.9120395    
        2023           8 oats               152.7570       452.3828       2.961455    
        2023           9 fesc               275.6909       232.1983      0.8422415    
        2023          10 barl               86.74461       350.0166       4.035025    
        2023          11 fpea               64.33395       283.3279       4.404018    
        2023          12 pota               215.9353       1487.157       6.887049    
        2023          13 buck               19.62932       26.73558       1.362023    
        2023          14 wwht               236.4173       533.7405       2.257620    
        2023          15 canp               243.7088       1063.781       4.364967    
        2023          16 rye                99.12971       425.2740       4.290076    
        2023          17 trit               129.7862       638.7395       4.921474    
        2023          18 csil               17.47378       152.6201       8.734232    
        2023          19 lmix              0.0000000E+00  0.0000000E+00  0.0000000E+00
