 Mini_CREATE               SWAT+ Jan 11 2024        MODULAR Rev 2024.61.0                                 
       year     plant_no   plant_name       harv_area(ha)    yld(t)         yld(t/ha)      
        2004           1 frsd              0.0000000E+00  0.0000000E+00  0.0000000E+00
        2004           2 frse              0.0000000E+00  0.0000000E+00  0.0000000E+00
        2004           3 frst              0.0000000E+00  0.0000000E+00  0.0000000E+00
        2004           4 orcd               1.975940      5.0435465E-02  2.5524784E-02
        2004           5 rnge               16.58698      0.0000000E+00  0.0000000E+00
        2004           6 wetl              0.0000000E+00  0.0000000E+00  0.0000000E+00
        2004           7 fesc               621.1577       388.6899      0.6257508    
        2004           8 lupn               61.88545       61.38145      0.9918559    
        2004           9 oats               261.0549       883.3939       3.383939    
        2004          10 barl               45.86216       160.9935       3.510378    
        2004          11 fpea               27.80220       101.3492       3.645364    
        2004          12 pota               271.1597       1756.659       6.478318    
        2004          13 buck               33.53731       62.81890       1.873105    
        2004          14 wwht               44.79409       89.16304       1.990509    
        2004          15 canp               324.5222       1229.808       3.789597    
        2004          16 rye                153.3569       971.4070       6.334288    
        2004          17 trit               197.7336       1609.020       8.137309    
        2004          18 csil               6.137110       51.15364       8.335133    
        2004          19 lmix              0.0000000E+00  0.0000000E+00  0.0000000E+00
        2005           1 frsd              0.0000000E+00  0.0000000E+00  0.0000000E+00
        2005           2 frse              0.0000000E+00  0.0000000E+00  0.0000000E+00
        2005           3 frst              0.0000000E+00  0.0000000E+00  0.0000000E+00
        2005           4 orcd               1.975940      0.2319191      0.1173715    
        2005           5 rnge               16.58698      0.0000000E+00  0.0000000E+00
        2005           6 wetl              0.0000000E+00  0.0000000E+00  0.0000000E+00
        2005           7 fesc               563.4525       50.17806      8.9054652E-02
        2005           8 lupn               166.7163       193.0906       1.158199    
        2005           9 oats               74.50557       204.2907       2.741952    
        2005          10 barl               36.47241       128.7368       3.529703    
        2005          11 fpea               85.49305       394.2051       4.610960    
        2005          12 pota               256.7287       1341.343       5.224750    
        2005          13 buck               8.182180       8.646560       1.056755    
        2005          14 wwht               406.5341       525.6170       1.292922    
        2005          15 canp               59.04479       279.4705       4.733195    
        2005          16 rye                111.4482       454.2400       4.075795    
        2005          17 trit               215.2103       959.0331       4.456261    
        2005          18 csil               31.12765       264.9581       8.511984    
        2005          19 lmix              0.0000000E+00  0.0000000E+00  0.0000000E+00
        2006           1 frsd              0.0000000E+00  0.0000000E+00  0.0000000E+00
        2006           2 frse              0.0000000E+00  0.0000000E+00  0.0000000E+00
        2006           3 frst              0.0000000E+00  0.0000000E+00  0.0000000E+00
        2006           4 orcd               1.975940      0.3844418      0.1945614    
        2006           5 rnge               16.58698      0.0000000E+00  0.0000000E+00
        2006           6 wetl              0.0000000E+00  0.0000000E+00  0.0000000E+00
        2006           7 fesc               697.8900       232.3253      0.3328968    
        2006           8 lupn               172.3726       142.7617      0.8282158    
        2006           9 oats               95.95759       264.3921       2.755301    
        2006          10 barl               122.1565       499.1829       4.086420    
        2006          11 fpea               73.09444       352.0226       4.815997    
        2006          12 pota               108.4921       408.3905       3.764242    
        2006          13 buck               24.60551       34.39927       1.398031    
        2006          14 wwht               186.2945       113.2167      0.6077297    
        2006          15 canp               405.8141       2201.896       5.425875    
        2006          16 rye                100.6520       475.6990       4.726175    
        2006          17 trit               87.42445       317.9553       3.636914    
        2006          18 csil               8.496810       67.23509       7.912980    
        2006          19 lmix              0.0000000E+00  0.0000000E+00  0.0000000E+00
        2007           1 frsd              0.0000000E+00  0.0000000E+00  0.0000000E+00
        2007           2 frse              0.0000000E+00  0.0000000E+00  0.0000000E+00
        2007           3 frst              0.0000000E+00  0.0000000E+00  0.0000000E+00
        2007           4 orcd               1.975940      0.5214094      0.2638790    
        2007           5 rnge               16.58698      0.0000000E+00  0.0000000E+00
        2007           6 wetl              0.0000000E+00  0.0000000E+00  0.0000000E+00
        2007           7 fesc               963.5087       235.2722      0.2441827    
        2007           8 lupn               197.4042       142.6438      0.7225977    
        2007           9 oats               157.4410       426.2938       2.707642    
        2007          10 barl               154.4239       650.0350       4.209420    
        2007          11 fpea               5.198920      0.1141121      2.1949187E-02
        2007          12 pota               260.0756       1821.469       7.003613    
        2007          13 buck               9.106939       12.95594       1.422644    
        2007          14 wwht               67.65368       262.4963       3.880001    
        2007          15 canp               298.7375       1055.780       3.534139    
        2007          16 rye                68.76181       285.8215       4.156689    
        2007          17 trit               30.39439       153.3611       5.045703    
        2007          18 csil               8.512751       74.87509       8.795639    
        2007          19 lmix              0.0000000E+00  0.0000000E+00  0.0000000E+00
        2008           1 frsd              0.0000000E+00  0.0000000E+00  0.0000000E+00
        2008           2 frse              0.0000000E+00  0.0000000E+00  0.0000000E+00
        2008           3 frst              0.0000000E+00  0.0000000E+00  0.0000000E+00
        2008           4 orcd               1.975940      0.5997509      0.3035268    
        2008           5 rnge               16.58698      0.0000000E+00  0.0000000E+00
        2008           6 wetl              0.0000000E+00  0.0000000E+00  0.0000000E+00
        2008           7 fesc               1063.683       456.6066      0.4292693    
        2008           8 lupn               107.4853       114.8094       1.068141    
        2008           9 oats               141.1176       458.3240       3.247815    
        2008          10 barl               54.54786       201.0431       3.685627    
        2008          11 fpea               115.0552       580.7665       5.047722    
        2008          12 pota               132.7863       1142.960       8.607513    
        2008          13 buck               18.13002       20.49265       1.130316    
        2008          14 wwht               421.5923       985.9393       2.338608    
        2008          15 canp               73.50423       289.2310       3.934890    
        2008          16 rye                38.27672       159.6997       4.172240    
        2008          17 trit               87.85532       431.6839       4.913577    
        2008          18 csil               20.42340       192.7061       9.435553    
        2008          19 lmix              0.0000000E+00  0.0000000E+00  0.0000000E+00
        2009           1 frsd              0.0000000E+00  0.0000000E+00  0.0000000E+00
        2009           2 frse              0.0000000E+00  0.0000000E+00  0.0000000E+00
        2009           3 frst              0.0000000E+00  0.0000000E+00  0.0000000E+00
        2009           4 orcd               1.975940      0.7025300      0.3555420    
        2009           5 rnge               16.58698      0.0000000E+00  0.0000000E+00
        2009           6 wetl              0.0000000E+00  0.0000000E+00  0.0000000E+00
        2009           7 fesc               621.1578       62.03959      9.9877343E-02
        2009           8 lupn               61.88545       51.54815      0.8329607    
        2009           9 oats               261.0549       799.3798       3.062114    
        2009          10 barl               45.86216       179.5602       3.915215    
        2009          11 fpea               27.80220       127.7105       4.593538    
        2009          12 pota               271.1597       1945.444       7.174531    
        2009          13 buck               33.53731       41.07770       1.224836    
        2009          14 wwht               44.79409       126.4656       2.823265    
        2009          15 canp               324.5222       1699.725       5.237624    
        2009          16 rye                153.3569       624.1110       4.069663    
        2009          17 trit               197.7336       961.8797       4.864522    
        2009          18 csil               6.137110       55.21309       8.996592    
        2009          19 lmix              0.0000000E+00  0.0000000E+00  0.0000000E+00
        2010           1 frsd              0.0000000E+00  0.0000000E+00  0.0000000E+00
        2010           2 frse              0.0000000E+00  0.0000000E+00  0.0000000E+00
        2010           3 frst              0.0000000E+00  0.0000000E+00  0.0000000E+00
        2010           4 orcd               1.975940      0.7425335      0.3757873    
        2010           5 rnge               16.58698      0.0000000E+00  0.0000000E+00
        2010           6 wetl              0.0000000E+00  0.0000000E+00  0.0000000E+00
        2010           7 fesc               563.4526       58.26521      0.1034075    
        2010           8 lupn               166.7163       184.0947       1.104239    
        2010           9 oats               74.50557       203.1305       2.726380    
        2010          10 barl               36.47241       123.2998       3.380631    
        2010          11 fpea               85.49306       426.5501       4.989295    
        2010          12 pota               256.7286       1439.724       5.607960    
        2010          13 buck               8.182180       9.298997       1.136494    
        2010          14 wwht               406.5341       697.7900       1.716437    
        2010          15 canp               59.04479       273.3212       4.629049    
        2010          16 rye                111.4482       382.3985       3.431177    
        2010          17 trit               215.2103       1093.534       5.081234    
        2010          18 csil               31.12765       210.5153       6.762967    
        2010          19 lmix              0.0000000E+00  0.0000000E+00  0.0000000E+00
        2011           1 frsd              0.0000000E+00  0.0000000E+00  0.0000000E+00
        2011           2 frse              0.0000000E+00  0.0000000E+00  0.0000000E+00
        2011           3 frst              0.0000000E+00  0.0000000E+00  0.0000000E+00
        2011           4 orcd               1.975940      0.8392308      0.4247246    
        2011           5 rnge               16.58698      0.0000000E+00  0.0000000E+00
        2011           6 wetl              0.0000000E+00  0.0000000E+00  0.0000000E+00
        2011           7 fesc               697.8898       224.5860      0.3218073    
        2011           8 lupn               172.3726       175.9502       1.020755    
        2011           9 oats               95.95760       293.1245       3.054729    
        2011          10 barl               122.1565       498.4064       4.080064    
        2011          11 fpea               73.09444       385.6239       5.275694    
        2011          12 pota               108.4921       906.2817       8.353436    
        2011          13 buck               24.60551       31.51624       1.280861    
        2011          14 wwht               186.2945       482.8145       2.591674    
        2011          15 canp               405.8141       1704.549       4.200319    
        2011          16 rye                100.6520       401.6519       3.990501    
        2011          17 trit               87.42445       389.7664       4.458322    
        2011          18 csil               8.496810       77.45782       9.116105    
        2011          19 lmix              0.0000000E+00  0.0000000E+00  0.0000000E+00
        2012           1 frsd              0.0000000E+00  0.0000000E+00  0.0000000E+00
        2012           2 frse              0.0000000E+00  0.0000000E+00  0.0000000E+00
        2012           3 frst              0.0000000E+00  0.0000000E+00  0.0000000E+00
        2012           4 orcd               1.975940      0.8828999      0.4468250    
        2012           5 rnge               16.58698      0.0000000E+00  0.0000000E+00
        2012           6 wetl              0.0000000E+00  0.0000000E+00  0.0000000E+00
        2012           7 fesc               963.5089       328.9743      0.3414336    
        2012           8 lupn               197.4043       157.5805      0.7982628    
        2012           9 oats               157.4410       476.0982       3.023979    
        2012          10 barl               154.4239       664.6927       4.304338    
        2012          11 fpea               5.198920      0.4655409      8.9545682E-02
        2012          12 pota               260.0756       2080.265       7.998696    
        2012          13 buck               9.106939       13.99705       1.536965    
        2012          14 wwht               67.65368       167.9097       2.481900    
        2012          15 canp               298.7375       1485.032       4.971026    
        2012          16 rye                68.76181       281.3107       4.091090    
        2012          17 trit               30.39439       152.5347       5.018514    
        2012          18 csil               8.512751       78.47018       9.217957    
        2012          19 lmix              0.0000000E+00  0.0000000E+00  0.0000000E+00
        2013           1 frsd              0.0000000E+00  0.0000000E+00  0.0000000E+00
        2013           2 frse              0.0000000E+00  0.0000000E+00  0.0000000E+00
        2013           3 frst              0.0000000E+00  0.0000000E+00  0.0000000E+00
        2013           4 orcd               1.975940      0.9475273      0.4795322    
        2013           5 rnge               16.58698      0.0000000E+00  0.0000000E+00
        2013           6 wetl              0.0000000E+00  0.0000000E+00  0.0000000E+00
        2013           7 fesc               1063.683       485.2382      0.4561868    
        2013           8 lupn               107.4853       97.92706      0.9110742    
        2013           9 oats               141.1176       454.1406       3.218170    
        2013          10 barl               54.54786       230.0188       4.216825    
        2013          11 fpea               115.0552       450.7021       3.917269    
        2013          12 pota               132.7863       896.4066       6.750746    
        2013          13 buck               18.13002       22.47381       1.239591    
        2013          14 wwht               421.5923       704.4243       1.670866    
        2013          15 canp               73.50422       380.6682       5.178862    
        2013          16 rye                38.27672       165.1248       4.313976    
        2013          17 trit               87.85533       433.2546       4.931455    
        2013          18 csil               20.42340       205.6996       10.07176    
        2013          19 lmix              0.0000000E+00  0.0000000E+00  0.0000000E+00
        2014           1 frsd              0.0000000E+00  0.0000000E+00  0.0000000E+00
        2014           2 frse              0.0000000E+00  0.0000000E+00  0.0000000E+00
        2014           3 frst              0.0000000E+00  0.0000000E+00  0.0000000E+00
        2014           4 orcd               1.975940      0.9883684      0.5002014    
        2014           5 rnge               16.58698      0.0000000E+00  0.0000000E+00
        2014           6 wetl              0.0000000E+00  0.0000000E+00  0.0000000E+00
        2014           7 fesc               621.1579       69.05583      0.1111728    
        2014           8 lupn               61.88545       59.04568      0.9541126    
        2014           9 oats               261.0549       677.5645       2.595486    
        2014          10 barl               45.86216       222.3535       4.848299    
        2014          11 fpea               27.80220       161.6829       5.815471    
        2014          12 pota               271.1597       1648.411       6.079116    
        2014          13 buck               33.53731       41.10954       1.225785    
        2014          14 wwht               44.79409       149.4773       3.336987    
        2014          15 canp               324.5222       1525.027       4.699301    
        2014          16 rye                153.3569       677.7590       4.419487    
        2014          17 trit               197.7336       912.5024       4.614806    
        2014          18 csil               6.137110       58.44974       9.523983    
        2014          19 lmix              0.0000000E+00  0.0000000E+00  0.0000000E+00
        2015           1 frsd              0.0000000E+00  0.0000000E+00  0.0000000E+00
        2015           2 frse              0.0000000E+00  0.0000000E+00  0.0000000E+00
        2015           3 frst              0.0000000E+00  0.0000000E+00  0.0000000E+00
        2015           4 orcd               1.975940       1.013992      0.5131691    
        2015           5 rnge               16.58698      0.0000000E+00  0.0000000E+00
        2015           6 wetl              0.0000000E+00  0.0000000E+00  0.0000000E+00
        2015           7 fesc               563.4525       96.83415      0.1718586    
        2015           8 lupn               166.7163       180.1855       1.080791    
        2015           9 oats               74.50558       217.3014       2.916579    
        2015          10 barl               36.47241       138.4326       3.795543    
        2015          11 fpea               85.49305       356.6139       4.171262    
        2015          12 pota               256.7287       2004.361       7.807314    
        2015          13 buck               8.182180       10.01047       1.223448    
        2015          14 wwht               406.5341       978.5630       2.407087    
        2015          15 canp               59.04478       342.1790       5.795245    
        2015          16 rye                111.4482       427.3160       3.834212    
        2015          17 trit               215.2103       1198.169       5.567433    
        2015          18 csil               31.12765       208.7654       6.706751    
        2015          19 lmix              0.0000000E+00  0.0000000E+00  0.0000000E+00
        2016           1 frsd              0.0000000E+00  0.0000000E+00  0.0000000E+00
        2016           2 frse              0.0000000E+00  0.0000000E+00  0.0000000E+00
        2016           3 frst              0.0000000E+00  0.0000000E+00  0.0000000E+00
        2016           4 orcd               1.975940       1.035148      0.5238761    
        2016           5 rnge               16.58698      0.0000000E+00  0.0000000E+00
        2016           6 wetl              0.0000000E+00  0.0000000E+00  0.0000000E+00
        2016           7 fesc               697.8900       258.6236      0.3705793    
        2016           8 lupn               172.3726       155.1315      0.8999774    
        2016           9 oats               95.95760       287.3478       2.994529    
        2016          10 barl               122.1565       497.3579       4.071480    
        2016          11 fpea               73.09443       393.7152       5.386391    
        2016          12 pota               108.4921       902.5031       8.318607    
        2016          13 buck               24.60551       37.93615       1.541774    
        2016          14 wwht               186.2945       631.3412       3.388942    
        2016          15 canp               405.8141       2004.476       4.939395    
        2016          16 rye                100.6520       462.1155       4.591221    
        2016          17 trit               87.42446       406.3846       4.648409    
        2016          18 csil               8.496810       78.57237       9.247278    
        2016          19 lmix              0.0000000E+00  0.0000000E+00  0.0000000E+00
        2017           1 frsd              0.0000000E+00  0.0000000E+00  0.0000000E+00
        2017           2 frse              0.0000000E+00  0.0000000E+00  0.0000000E+00
        2017           3 frst              0.0000000E+00  0.0000000E+00  0.0000000E+00
        2017           4 orcd               1.975940       1.035086      0.5238444    
        2017           5 rnge               16.58698      0.0000000E+00  0.0000000E+00
        2017           6 wetl              0.0000000E+00  0.0000000E+00  0.0000000E+00
        2017           7 fesc               963.5088       332.1957      0.3447770    
        2017           8 lupn               197.4043       186.9709      0.9471473    
        2017           9 oats               157.4410       493.7649       3.136190    
        2017          10 barl               154.4239       528.7573       3.424064    
        2017          11 fpea               5.198920      0.2589948      4.9817029E-02
        2017          12 pota               260.0756       2233.941       8.589584    
        2017          13 buck               9.106939       14.23986       1.563627    
        2017          14 wwht               67.65368       177.7093       2.626750    
        2017          15 canp               298.7375       1454.972       4.870402    
        2017          16 rye                68.76181       276.6539       4.023366    
        2017          17 trit               30.39439       150.4464       4.949810    
        2017          18 csil               8.512751       82.97634       9.747300    
        2017          19 lmix              0.0000000E+00  0.0000000E+00  0.0000000E+00
        2018           1 frsd              0.0000000E+00  0.0000000E+00  0.0000000E+00
        2018           2 frse              0.0000000E+00  0.0000000E+00  0.0000000E+00
        2018           3 frst              0.0000000E+00  0.0000000E+00  0.0000000E+00
        2018           4 orcd               1.975940       1.099818      0.5566047    
        2018           5 rnge               16.58698      0.0000000E+00  0.0000000E+00
        2018           6 wetl              0.0000000E+00  0.0000000E+00  0.0000000E+00
        2018           7 fesc               1063.683       392.7691      0.3692538    
        2018           8 lupn               107.4853       97.96236      0.9114026    
        2018           9 oats               141.1176       440.6613       3.122653    
        2018          10 barl               54.54786       233.8346       4.286778    
        2018          11 fpea               115.0552       325.9638       2.833109    
        2018          12 pota               132.7863       682.4414       5.139396    
        2018          13 buck               18.13002       22.64230       1.248884    
        2018          14 wwht               421.5923       1201.301       2.849437    
        2018          15 canp               73.50423       197.6575       2.689064    
        2018          16 rye                38.27672       156.0024       4.075647    
        2018          17 trit               87.85532       337.4581       3.841066    
        2018          18 csil               20.42340       206.7759       10.12446    
        2018          19 lmix              0.0000000E+00  0.0000000E+00  0.0000000E+00
        2019           1 frsd              0.0000000E+00  0.0000000E+00  0.0000000E+00
        2019           2 frse              0.0000000E+00  0.0000000E+00  0.0000000E+00
        2019           3 frst              0.0000000E+00  0.0000000E+00  0.0000000E+00
        2019           4 orcd               1.975940      6.3627899E-02  3.2201316E-02
        2019           5 rnge               16.58698      0.0000000E+00  0.0000000E+00
        2019           6 wetl              0.0000000E+00  0.0000000E+00  0.0000000E+00
        2019           7 fesc               621.1577       65.32604      0.1051682    
        2019           8 lupn               61.88545       45.81565      0.7403299    
        2019           9 oats               261.0549       630.6420       2.415744    
        2019          10 barl               45.86216       217.5049       4.742578    
        2019          11 fpea               27.80220       158.8072       5.712036    
        2019          12 pota               271.1597       1798.321       6.631961    
        2019          13 buck               33.53731       44.70271       1.332925    
        2019          14 wwht               44.79409       124.3290       2.775567    
        2019          15 canp               324.5222       785.7094       2.421127    
        2019          16 rye                153.3569       622.0030       4.055917    
        2019          17 trit               197.7336       705.1727       3.566276    
        2019          18 csil               6.137110       60.91643       9.925913    
        2019          19 lmix              0.0000000E+00  0.0000000E+00  0.0000000E+00
        2020           1 frsd              0.0000000E+00  0.0000000E+00  0.0000000E+00
        2020           2 frse              0.0000000E+00  0.0000000E+00  0.0000000E+00
        2020           3 frst              0.0000000E+00  0.0000000E+00  0.0000000E+00
        2020           4 orcd               1.975940      0.2714076      0.1373561    
        2020           5 rnge               16.58698      0.0000000E+00  0.0000000E+00
        2020           6 wetl              0.0000000E+00  0.0000000E+00  0.0000000E+00
        2020           7 fesc               563.4526       37.62255      6.6771463E-02
        2020           8 lupn               166.7163       142.0476      0.8520321    
        2020           9 oats               74.50557       199.3603       2.675777    
        2020          10 barl               36.47241       167.1798       4.583733    
        2020          11 fpea               85.49304       376.9641       4.409296    
        2020          12 pota               256.7287       1543.991       6.014096    
        2020          13 buck               8.182180       9.953609       1.216498    
        2020          14 wwht               406.5341       1382.579       3.400894    
        2020          15 canp               59.04479       311.1235       5.269280    
        2020          16 rye                111.4482       477.2906       4.282623    
        2020          17 trit               215.2103       1154.964       5.366676    
        2020          18 csil               31.12765       248.7032       7.989784    
        2020          19 lmix              0.0000000E+00  0.0000000E+00  0.0000000E+00
        2021           1 frsd              0.0000000E+00  0.0000000E+00  0.0000000E+00
        2021           2 frse              0.0000000E+00  0.0000000E+00  0.0000000E+00
        2021           3 frst              0.0000000E+00  0.0000000E+00  0.0000000E+00
        2021           4 orcd               1.975940      0.4408423      0.2231050    
        2021           5 rnge               16.58698      0.0000000E+00  0.0000000E+00
        2021           6 wetl              0.0000000E+00  0.0000000E+00  0.0000000E+00
        2021           7 fesc               697.8898       269.6361      0.3863591    
        2021           8 lupn               172.3726       100.5908      0.5835657    
        2021           9 oats               95.95761       246.7776       2.571735    
        2021          10 barl               122.1565       452.2043       3.701843    
        2021          11 fpea               73.09443       359.8023       4.922431    
        2021          12 pota               108.4921       585.0170       5.392256    
        2021          13 buck               24.60551       36.53810       1.484956    
        2021          14 wwht               186.2945       371.6912       1.995181    
        2021          15 canp               405.8141       997.0225       2.456845    
        2021          16 rye                100.6520       448.9587       4.460505    
        2021          17 trit               87.42446       338.0665       3.866955    
        2021          18 csil               8.496810       69.64532       8.196642    
        2021          19 lmix              0.0000000E+00  0.0000000E+00  0.0000000E+00
        2022           1 frsd              0.0000000E+00  0.0000000E+00  0.0000000E+00
        2022           2 frse              0.0000000E+00  0.0000000E+00  0.0000000E+00
        2022           3 frst              0.0000000E+00  0.0000000E+00  0.0000000E+00
        2022           4 orcd               1.975940      0.5386808      0.2726199    
        2022           5 rnge               16.58698      0.0000000E+00  0.0000000E+00
        2022           6 wetl              0.0000000E+00  0.0000000E+00  0.0000000E+00
        2022           7 fesc               963.5087       380.4916      0.3949021    
        2022           8 lupn               197.4043       163.3538      0.8275089    
        2022           9 oats               157.4410       442.9448       2.813402    
        2022          10 barl               154.4239       650.6703       4.213534    
        2022          11 fpea               5.198920       2.181794      0.4196628    
        2022          12 pota               260.0756       1556.998       5.986712    
        2022          13 buck               9.106939       14.82142       1.627486    
        2022          14 wwht               67.65368       170.5436       2.520832    
        2022          15 canp               298.7375       1369.537       4.584415    
        2022          16 rye                68.76181       278.3762       4.048413    
        2022          17 trit               30.39439       148.4321       4.883537    
        2022          18 csil               8.512751       81.72201       9.599952    
        2022          19 lmix              0.0000000E+00  0.0000000E+00  0.0000000E+00
        2023           1 frsd              0.0000000E+00  0.0000000E+00  0.0000000E+00
        2023           2 frse              0.0000000E+00  0.0000000E+00  0.0000000E+00
        2023           3 frst              0.0000000E+00  0.0000000E+00  0.0000000E+00
        2023           4 orcd               1.975940      0.6470184      0.3274483    
        2023           5 rnge               16.58698      0.0000000E+00  0.0000000E+00
        2023           6 wetl              0.0000000E+00  0.0000000E+00  0.0000000E+00
        2023           7 fesc               1063.683       578.0478      0.5434397    
        2023           8 lupn               107.4853       103.3003      0.9610642    
        2023           9 oats               141.1177       457.3719       3.241068    
        2023          10 barl               54.54786       200.3947       3.673741    
        2023          11 fpea               115.0552       363.7998       3.161960    
        2023          12 pota               132.7863       750.2984       5.650421    
        2023          13 buck               18.13002       26.67921       1.471549    
        2023          14 wwht               421.5923       814.4371       1.931812    
        2023          15 canp               73.50422       223.8580       3.045512    
        2023          16 rye                38.27672       168.9482       4.413862    
        2023          17 trit               87.85532       351.1988       3.997467    
        2023          18 csil               20.42340       191.0782       9.355844    
        2023          19 lmix              0.0000000E+00  0.0000000E+00  0.0000000E+00
