 Mini_CREATE               SWAT+ Jan 11 2024        MODULAR Rev 2024.61.0                                 
       year     plant_no   plant_name       harv_area(ha)    yld(t)         yld(t/ha)      
        2023           1 frsd              0.0000000E+00  0.0000000E+00  0.0000000E+00
        2023           2 frse              0.0000000E+00  0.0000000E+00  0.0000000E+00
        2023           3 frst              0.0000000E+00  0.0000000E+00  0.0000000E+00
        2023           4 orcd               2.072764      0.6837741      0.3298852    
        2023           5 rnge               17.39976      0.0000000E+00  0.0000000E+00
        2023           6 wetl              0.0000000E+00  0.0000000E+00  0.0000000E+00
        2023           7 fesc               820.2543       262.3960      0.3198959    
        2023           8 lupn               148.0904       134.0724      0.9053416    
        2023           9 oats               153.1703       448.7787       2.929933    
        2023          10 barl               86.74461       348.5128       4.017688    
        2023          11 fpea               64.33395       278.9976       4.336709    
        2023          12 pota               215.9353       1439.504       6.666366    
        2023          13 buck               19.62932       27.08051       1.379595    
        2023          14 wwht               236.4173       532.7778       2.253548    
        2023          15 canp               243.7088       1039.090       4.263657    
        2023          16 rye                99.12971       429.9273       4.337018    
        2023          17 trit               129.7862       640.1434       4.932291    
        2023          18 csil               15.67160       134.5810       8.587572    
        2023          19 lmix              0.0000000E+00  0.0000000E+00  0.0000000E+00
